1200.000000,0,-2
1200.000000,1,-2
1200.000000,2,1
1200.000000,3,0
1200.000000,4,1
1200.000000,5,2
1200.000000,6,4
1200.000000,7,3
1200.000000,8,4
1200.000000,9,5
1200.000000,10,6
1200.000000,11,8
1200.000000,12,7
1200.000000,13,8
1800.000000,0,-2
1800.000000,1,-2
1800.000000,2,0
1800.000000,3,0
1800.000000,4,1
1800.000000,5,2
1800.000000,6,2
1800.000000,7,3
1800.000000,8,4
1800.000000,9,5
1800.000000,10,6
1800.000000,11,6
1800.000000,12,7
1800.000000,13,8
2400.000000,0,-2
2400.000000,1,-2
2400.000000,2,1
2400.000000,3,0
2400.000000,4,1
2400.000000,5,2
2400.000000,6,4
2400.000000,7,3
2400.000000,8,4
2400.000000,9,5
2400.000000,10,5
2400.000000,11,8
2400.000000,12,7
2400.000000,13,8
3000.000000,0,-2
3000.000000,1,-2
3000.000000,2,0
3000.000000,3,0
3000.000000,4,1
3000.000000,5,2
3000.000000,6,2
3000.000000,7,3
3000.000000,8,4
3000.000000,9,5
3000.000000,10,6
3000.000000,11,6
3000.000000,12,7
3000.000000,13,8
3600.000000,0,-2
3600.000000,1,-2
3600.000000,2,1
3600.000000,3,0
3600.000000,4,1
3600.000000,5,3
3600.000000,6,4
3600.000000,7,3
3600.000000,8,4
3600.000000,9,5
3600.000000,10,6
3600.000000,11,6
3600.000000,12,7
3600.000000,13,8
4200.000000,0,-2
4200.000000,1,-2
4200.000000,2,0
4200.000000,3,0
4200.000000,4,1
4200.000000,5,2
4200.000000,6,2
4200.000000,7,3
4200.000000,8,4
4200.000000,9,5
4200.000000,10,5
4200.000000,11,8
4200.000000,12,7
4200.000000,13,8
4800.000000,0,-2
4800.000000,1,-2
4800.000000,2,1
4800.000000,3,0
4800.000000,4,1
4800.000000,5,2
4800.000000,6,2
4800.000000,7,3
4800.000000,8,4
4800.000000,9,7
4800.000000,10,6
4800.000000,11,6
4800.000000,12,7
4800.000000,13,8
5400.000000,0,-2
5400.000000,1,-2
5400.000000,2,0
5400.000000,3,0
5400.000000,4,1
5400.000000,5,2
5400.000000,6,2
5400.000000,7,3
5400.000000,8,4
5400.000000,9,5
5400.000000,10,5
5400.000000,11,6
5400.000000,12,7
5400.000000,13,8
6000.000000,0,-2
6000.000000,1,-2
6000.000000,2,1
6000.000000,3,0
6000.000000,4,1
6000.000000,5,3
6000.000000,6,4
6000.000000,7,3
6000.000000,8,4
6000.000000,9,5
6000.000000,10,6
6000.000000,11,6
6000.000000,12,7
6000.000000,13,8
6600.000000,0,-2
6600.000000,1,-2
6600.000000,2,0
6600.000000,3,0
6600.000000,5,2
6600.000000,6,2
6600.000000,7,3
6600.000000,8,4
6600.000000,9,5
6600.000000,10,5
6600.000000,11,6
6600.000000,12,7
6600.000000,13,8
7200.000000,0,-2
7200.000000,1,-2
7200.000000,5,2
7200.000000,6,2
7200.000000,7,3
7200.000000,8,6
7200.000000,9,7
7200.000000,10,6
7200.000000,11,6
7200.000000,12,7
7200.000000,13,11
7800.000000,0,-2
7800.000000,1,-2
7800.000000,5,-2
7800.000000,6,-2
7800.000000,7,-2
7800.000000,8,-2
7800.000000,9,-2
7800.000000,10,-2
7800.000000,11,-2
7800.000000,12,-2
7800.000000,13,-2
8400.000000,0,-2
8400.000000,1,-2
8400.000000,5,-2
8400.000000,6,-2
8400.000000,7,-2
8400.000000,8,-2
8400.000000,9,-2
8400.000000,10,-2
8400.000000,11,-2
8400.000000,12,-2
8400.000000,13,-2
9000.000000,0,-2
9000.000000,1,-2
9000.000000,5,-2
9000.000000,6,-2
9000.000000,7,-2
9000.000000,8,-2
9000.000000,9,-2
9000.000000,10,-2
9000.000000,11,-2
9000.000000,12,-2
9000.000000,13,-2
9600.000000,0,-2
9600.000000,1,-2
9600.000000,5,-2
9600.000000,6,-2
9600.000000,7,-2
9600.000000,8,-2
9600.000000,9,-2
9600.000000,10,-2
9600.000000,11,-2
9600.000000,12,-2
9600.000000,13,-2
10200.000000,0,-2
10200.000000,1,-2
10200.000000,5,-2
10200.000000,6,-2
10200.000000,7,-2
10200.000000,8,-2
10200.000000,9,-2
10200.000000,10,-2
10200.000000,11,-2
10200.000000,12,-2
10200.000000,13,-2
10800.000000,0,-2
10800.000000,1,-2
10800.000000,5,-2
10800.000000,6,-2
10800.000000,7,-2
10800.000000,8,-2
10800.000000,9,-2
10800.000000,10,-2
10800.000000,11,-2
10800.000000,12,-2
10800.000000,13,-2
11400.000000,0,-2
11400.000000,1,-2
11400.000000,5,-2
11400.000000,6,-2
11400.000000,7,-2
11400.000000,8,-2
11400.000000,9,-2
11400.000000,10,-2
11400.000000,11,-2
11400.000000,12,-2
11400.000000,13,-2
12000.000000,0,-2
12000.000000,1,-2
12000.000000,5,-2
12000.000000,6,-2
12000.000000,7,-2
12000.000000,8,-2
12000.000000,9,-2
12000.000000,10,-2
12000.000000,11,-2
12000.000000,12,-2
12000.000000,13,-2
12600.000000,0,-2
12600.000000,1,-2
12600.000000,5,-2
12600.000000,6,-2
12600.000000,7,-2
12600.000000,8,-2
12600.000000,9,-2
12600.000000,10,-2
12600.000000,11,-2
12600.000000,12,-2
12600.000000,13,-2
13200.000000,0,-2
13200.000000,1,-2
13200.000000,5,-2
13200.000000,6,-2
13200.000000,7,-2
13200.000000,8,-2
13200.000000,9,-2
13200.000000,10,-2
13200.000000,11,-2
13200.000000,12,-2
13200.000000,13,-2
13800.000000,0,-2
13800.000000,1,-2
13800.000000,5,-2
13800.000000,6,-2
13800.000000,7,-2
13800.000000,8,-2
13800.000000,9,-2
13800.000000,10,-2
13800.000000,11,-2
13800.000000,12,-2
13800.000000,13,-2
14400.000000,0,-2
14400.000000,1,-2
14400.000000,5,-2
14400.000000,6,-2
14400.000000,7,-2
14400.000000,8,-2
14400.000000,9,-2
14400.000000,10,-2
14400.000000,11,-2
14400.000000,12,-2
14400.000000,13,-2
15000.000000,0,-2
15000.000000,1,-2
15000.000000,5,-2
15000.000000,6,-2
15000.000000,7,-2
15000.000000,8,-2
15000.000000,9,-2
15000.000000,10,-2
15000.000000,11,-2
15000.000000,12,-2
15000.000000,13,-2
15600.000000,0,-2
15600.000000,1,-2
15600.000000,5,-2
15600.000000,6,-2
15600.000000,7,-2
15600.000000,8,-2
15600.000000,9,-2
15600.000000,10,-2
15600.000000,11,-2
15600.000000,12,-2
15600.000000,13,-2
16200.000000,0,-2
16200.000000,1,-2
16200.000000,5,-2
16200.000000,6,-2
16200.000000,7,-2
16200.000000,8,-2
16200.000000,9,-2
16200.000000,10,-2
16200.000000,11,-2
16200.000000,12,-2
16200.000000,13,-2
16800.000000,0,-2
16800.000000,1,-2
16800.000000,5,-2
16800.000000,6,-2
16800.000000,7,-2
16800.000000,8,-2
16800.000000,9,-2
16800.000000,10,-2
16800.000000,11,-2
16800.000000,12,-2
16800.000000,13,-2
17400.000000,0,-2
17400.000000,1,-2
17400.000000,5,-2
17400.000000,6,-2
17400.000000,7,-2
17400.000000,8,-2
17400.000000,9,-2
17400.000000,10,-2
17400.000000,11,-2
17400.000000,12,-2
17400.000000,13,-2
18000.000000,0,-2
18000.000000,1,-2
18000.000000,5,-2
18000.000000,6,-2
18000.000000,7,-2
18000.000000,8,-2
18000.000000,9,-2
18000.000000,10,-2
18000.000000,11,-2
18000.000000,12,-2
18000.000000,13,-2
18600.000000,0,-2
18600.000000,1,-2
18600.000000,5,-2
18600.000000,6,-2
18600.000000,7,-2
18600.000000,8,-2
18600.000000,9,-2
18600.000000,10,-2
18600.000000,11,-2
18600.000000,12,-2
18600.000000,13,-2
19200.000000,0,-2
19200.000000,1,-2
19200.000000,5,-2
19200.000000,6,-2
19200.000000,7,-2
19200.000000,8,-2
19200.000000,9,-2
19200.000000,10,-2
19200.000000,11,-2
19200.000000,12,-2
19200.000000,13,-2
19800.000000,0,-2
19800.000000,1,-2
19800.000000,5,-2
19800.000000,6,-2
19800.000000,7,-2
19800.000000,8,-2
19800.000000,9,-2
19800.000000,10,-2
19800.000000,11,-2
19800.000000,12,-2
19800.000000,13,-2
20400.000000,0,-2
20400.000000,1,-2
20400.000000,5,-2
20400.000000,6,-2
20400.000000,7,-2
20400.000000,8,-2
20400.000000,9,-2
20400.000000,10,-2
20400.000000,11,-2
20400.000000,12,-2
20400.000000,13,-2
21000.000000,0,-2
21000.000000,1,-2
21000.000000,5,-2
21000.000000,6,-2
21000.000000,7,-2
21000.000000,8,-2
21000.000000,9,-2
21000.000000,10,-2
21000.000000,11,-2
21000.000000,12,-2
21000.000000,13,-2
21600.000000,0,-2
21600.000000,1,-2
21600.000000,5,-2
21600.000000,6,-2
21600.000000,7,-2
21600.000000,8,-2
21600.000000,9,-2
21600.000000,10,-2
21600.000000,11,-2
21600.000000,12,-2
21600.000000,13,-2
22200.000000,0,-2
22200.000000,1,-2
22200.000000,5,-2
22200.000000,6,-2
22200.000000,7,-2
22200.000000,8,-2
22200.000000,9,-2
22200.000000,10,-2
22200.000000,11,-2
22200.000000,12,-2
22200.000000,13,-2
22800.000000,0,-2
22800.000000,1,-2
22800.000000,5,-2
22800.000000,6,-2
22800.000000,7,-2
22800.000000,8,-2
22800.000000,9,-2
22800.000000,10,-2
22800.000000,11,-2
22800.000000,12,-2
22800.000000,13,-2
23400.000000,0,-2
23400.000000,1,-2
23400.000000,5,-2
23400.000000,6,-2
23400.000000,7,-2
23400.000000,8,-2
23400.000000,9,-2
23400.000000,10,-2
23400.000000,11,-2
23400.000000,12,-2
23400.000000,13,-2
24000.000000,0,-2
24000.000000,1,-2
24000.000000,5,-2
24000.000000,6,-2
24000.000000,7,-2
24000.000000,8,-2
24000.000000,9,-2
24000.000000,10,-2
24000.000000,11,-2
24000.000000,12,-2
24000.000000,13,-2
24600.000000,0,-2
24600.000000,1,-2
24600.000000,5,-2
24600.000000,6,-2
24600.000000,7,-2
24600.000000,8,-2
24600.000000,9,-2
24600.000000,10,-2
24600.000000,11,-2
24600.000000,12,-2
24600.000000,13,-2
25200.000000,0,-2
25200.000000,1,-2
25200.000000,5,-2
25200.000000,6,-2
25200.000000,7,-2
25200.000000,8,-2
25200.000000,9,-2
25200.000000,10,-2
25200.000000,11,-2
25200.000000,12,-2
25200.000000,13,-2
25800.000000,0,-2
25800.000000,1,-2
25800.000000,5,-2
25800.000000,6,-2
25800.000000,7,-2
25800.000000,8,-2
25800.000000,9,-2
25800.000000,10,-2
25800.000000,11,-2
25800.000000,12,-2
25800.000000,13,-2
26400.000000,0,-2
26400.000000,1,-2
26400.000000,5,-2
26400.000000,6,-2
26400.000000,7,-2
26400.000000,8,-2
26400.000000,9,-2
26400.000000,10,-2
26400.000000,11,-2
26400.000000,12,-2
26400.000000,13,-2
27000.000000,0,-2
27000.000000,1,-2
27000.000000,5,-2
27000.000000,6,-2
27000.000000,7,-2
27000.000000,8,-2
27000.000000,9,-2
27000.000000,10,-2
27000.000000,11,-2
27000.000000,12,-2
27000.000000,13,-2
27600.000000,0,-2
27600.000000,1,-2
27600.000000,5,-2
27600.000000,6,-2
27600.000000,7,-2
27600.000000,8,-2
27600.000000,9,-2
27600.000000,10,-2
27600.000000,11,-2
27600.000000,12,-2
27600.000000,13,-2
28200.000000,0,-2
28200.000000,1,-2
28200.000000,5,-2
28200.000000,6,-2
28200.000000,7,-2
28200.000000,8,-2
28200.000000,9,-2
28200.000000,10,-2
28200.000000,11,-2
28200.000000,12,-2
28200.000000,13,-2
28800.000000,0,-2
28800.000000,1,-2
28800.000000,5,-2
28800.000000,6,-2
28800.000000,7,-2
28800.000000,8,-2
28800.000000,9,-2
28800.000000,10,-2
28800.000000,11,-2
28800.000000,12,-2
28800.000000,13,-2
29400.000000,0,-2
29400.000000,1,-2
29400.000000,5,-2
29400.000000,6,-2
29400.000000,7,-2
29400.000000,8,-2
29400.000000,9,-2
29400.000000,10,-2
29400.000000,11,-2
29400.000000,12,-2
29400.000000,13,-2
30000.000000,0,-2
30000.000000,1,-2
30000.000000,5,-2
30000.000000,6,-2
30000.000000,7,-2
30000.000000,8,-2
30000.000000,9,-2
30000.000000,10,-2
30000.000000,11,-2
30000.000000,12,-2
30000.000000,13,-2
30600.000000,0,-2
30600.000000,1,-2
30600.000000,5,-2
30600.000000,6,-2
30600.000000,7,-2
30600.000000,8,-2
30600.000000,9,-2
30600.000000,10,-2
30600.000000,11,-2
30600.000000,12,-2
30600.000000,13,-2
31200.000000,0,-2
31200.000000,1,-2
31200.000000,5,-2
31200.000000,6,-2
31200.000000,7,-2
31200.000000,8,-2
31200.000000,9,-2
31200.000000,10,-2
31200.000000,11,-2
31200.000000,12,-2
31200.000000,13,-2
31800.000000,0,-2
31800.000000,1,-2
31800.000000,5,-2
31800.000000,6,-2
31800.000000,7,-2
31800.000000,8,-2
31800.000000,9,-2
31800.000000,10,-2
31800.000000,11,-2
31800.000000,12,-2
31800.000000,13,-2
32400.000000,0,-2
32400.000000,1,-2
32400.000000,5,-2
32400.000000,6,-2
32400.000000,7,-2
32400.000000,8,-2
32400.000000,9,-2
32400.000000,10,-2
32400.000000,11,-2
32400.000000,12,-2
32400.000000,13,-2
33000.000000,0,-2
33000.000000,1,-2
33000.000000,5,-2
33000.000000,6,-2
33000.000000,7,-2
33000.000000,8,-2
33000.000000,9,-2
33000.000000,10,-2
33000.000000,11,-2
33000.000000,12,-2
33000.000000,13,-2
33600.000000,0,-2
33600.000000,1,-2
33600.000000,5,-2
33600.000000,6,-2
33600.000000,7,-2
33600.000000,8,-2
33600.000000,9,-2
33600.000000,10,-2
33600.000000,11,-2
33600.000000,12,-2
33600.000000,13,-2
34200.000000,0,-2
34200.000000,1,-2
34200.000000,5,-2
34200.000000,6,-2
34200.000000,7,-2
34200.000000,8,-2
34200.000000,9,-2
34200.000000,10,-2
34200.000000,11,-2
34200.000000,12,-2
34200.000000,13,-2
34800.000000,0,-2
34800.000000,1,-2
34800.000000,5,-2
34800.000000,6,-2
34800.000000,7,-2
34800.000000,8,-2
34800.000000,9,-2
34800.000000,10,-2
34800.000000,11,-2
34800.000000,12,-2
34800.000000,13,-2
35400.000000,0,-2
35400.000000,1,-2
35400.000000,5,-2
35400.000000,6,-2
35400.000000,7,-2
35400.000000,8,-2
35400.000000,9,-2
35400.000000,10,-2
35400.000000,11,-2
35400.000000,12,-2
35400.000000,13,-2
36000.000000,0,-2
36000.000000,1,-2
36000.000000,5,-2
36000.000000,6,-2
36000.000000,7,-2
36000.000000,8,-2
36000.000000,9,-2
36000.000000,10,-2
36000.000000,11,-2
36000.000000,12,-2
36000.000000,13,-2
36600.000000,0,-2
36600.000000,1,-2
36600.000000,5,-2
36600.000000,6,-2
36600.000000,7,-2
36600.000000,8,-2
36600.000000,9,-2
36600.000000,10,-2
36600.000000,11,-2
36600.000000,12,-2
36600.000000,13,-2
37200.000000,0,-2
37200.000000,1,-2
37200.000000,5,-2
37200.000000,6,-2
37200.000000,7,-2
37200.000000,8,-2
37200.000000,9,-2
37200.000000,10,-2
37200.000000,11,-2
37200.000000,12,-2
37200.000000,13,-2
37800.000000,0,-2
37800.000000,1,-2
37800.000000,5,-2
37800.000000,6,-2
37800.000000,7,-2
37800.000000,8,-2
37800.000000,9,-2
37800.000000,10,-2
37800.000000,11,-2
37800.000000,12,-2
37800.000000,13,-2
38400.000000,0,-2
38400.000000,1,-2
38400.000000,5,-2
38400.000000,6,-2
38400.000000,7,-2
38400.000000,8,-2
38400.000000,9,-2
38400.000000,10,-2
38400.000000,11,-2
38400.000000,12,-2
38400.000000,13,-2
39000.000000,0,-2
39000.000000,1,-2
39000.000000,5,-2
39000.000000,6,-2
39000.000000,7,-2
39000.000000,8,-2
39000.000000,9,-2
39000.000000,10,-2
39000.000000,11,-2
39000.000000,12,-2
39000.000000,13,-2
39600.000000,0,-2
39600.000000,1,-2
39600.000000,5,-2
39600.000000,6,-2
39600.000000,7,-2
39600.000000,8,-2
39600.000000,9,-2
39600.000000,10,-2
39600.000000,11,-2
39600.000000,12,-2
39600.000000,13,-2
40200.000000,0,-2
40200.000000,1,-2
40200.000000,5,-2
40200.000000,6,-2
40200.000000,7,-2
40200.000000,8,-2
40200.000000,9,-2
40200.000000,10,-2
40200.000000,11,-2
40200.000000,12,-2
40200.000000,13,-2
40800.000000,0,-2
40800.000000,1,-2
40800.000000,5,-2
40800.000000,6,-2
40800.000000,7,-2
40800.000000,8,-2
40800.000000,9,-2
40800.000000,10,-2
40800.000000,11,-2
40800.000000,12,-2
40800.000000,13,-2
41400.000000,0,-2
41400.000000,1,-2
41400.000000,5,-2
41400.000000,6,-2
41400.000000,7,-2
41400.000000,8,-2
41400.000000,9,-2
41400.000000,10,-2
41400.000000,11,-2
41400.000000,12,-2
41400.000000,13,-2
42000.000000,0,-2
42000.000000,1,-2
42000.000000,5,-2
42000.000000,6,-2
42000.000000,7,-2
42000.000000,8,-2
42000.000000,9,-2
42000.000000,10,-2
42000.000000,11,-2
42000.000000,12,-2
42000.000000,13,-2
42600.000000,0,-2
42600.000000,1,-2
42600.000000,5,-2
42600.000000,6,-2
42600.000000,7,-2
42600.000000,8,-2
42600.000000,9,-2
42600.000000,10,-2
42600.000000,11,-2
42600.000000,12,-2
42600.000000,13,-2
43200.000000,0,-2
43200.000000,1,-2
43200.000000,5,-2
43200.000000,6,-2
43200.000000,7,-2
43200.000000,8,-2
43200.000000,9,-2
43200.000000,10,-2
43200.000000,11,-2
43200.000000,12,-2
43200.000000,13,-2
43800.000000,0,-2
43800.000000,1,-2
43800.000000,5,-2
43800.000000,6,-2
43800.000000,7,-2
43800.000000,8,-2
43800.000000,9,-2
43800.000000,10,-2
43800.000000,11,-2
43800.000000,12,-2
43800.000000,13,-2
44400.000000,0,-2
44400.000000,1,-2
44400.000000,5,-2
44400.000000,6,-2
44400.000000,7,-2
44400.000000,8,-2
44400.000000,9,-2
44400.000000,10,-2
44400.000000,11,-2
44400.000000,12,-2
44400.000000,13,-2
45000.000000,0,-2
45000.000000,1,-2
45000.000000,5,-2
45000.000000,6,-2
45000.000000,7,-2
45000.000000,8,-2
45000.000000,9,-2
45000.000000,10,-2
45000.000000,11,-2
45000.000000,12,-2
45000.000000,13,-2
45600.000000,0,-2
45600.000000,1,-2
45600.000000,5,-2
45600.000000,6,-2
45600.000000,7,-2
45600.000000,8,-2
45600.000000,9,-2
45600.000000,10,-2
45600.000000,11,-2
45600.000000,12,-2
45600.000000,13,-2
46200.000000,0,-2
46200.000000,1,-2
46200.000000,5,-2
46200.000000,6,-2
46200.000000,7,-2
46200.000000,8,-2
46200.000000,9,-2
46200.000000,10,-2
46200.000000,11,-2
46200.000000,12,-2
46200.000000,13,-2
46800.000000,0,-2
46800.000000,1,-2
46800.000000,5,-2
46800.000000,6,-2
46800.000000,7,-2
46800.000000,8,-2
46800.000000,9,-2
46800.000000,10,-2
46800.000000,11,-2
46800.000000,12,-2
46800.000000,13,-2
47400.000000,0,-2
47400.000000,1,-2
47400.000000,5,-2
47400.000000,6,-2
47400.000000,7,-2
47400.000000,8,-2
47400.000000,9,-2
47400.000000,10,-2
47400.000000,11,-2
47400.000000,12,-2
47400.000000,13,-2
48000.000000,0,-2
48000.000000,1,-2
48000.000000,5,-2
48000.000000,6,-2
48000.000000,7,-2
48000.000000,8,-2
48000.000000,9,-2
48000.000000,10,-2
48000.000000,11,-2
48000.000000,12,-2
48000.000000,13,-2
48600.000000,0,-2
48600.000000,1,-2
48600.000000,5,-2
48600.000000,6,-2
48600.000000,7,-2
48600.000000,8,-2
48600.000000,9,-2
48600.000000,10,-2
48600.000000,11,-2
48600.000000,12,-2
48600.000000,13,-2
49200.000000,0,-2
49200.000000,1,-2
49200.000000,5,-2
49200.000000,6,-2
49200.000000,7,-2
49200.000000,8,-2
49200.000000,9,-2
49200.000000,10,-2
49200.000000,11,-2
49200.000000,12,-2
49200.000000,13,-2
49800.000000,0,-2
49800.000000,1,-2
49800.000000,5,-2
49800.000000,6,-2
49800.000000,7,-2
49800.000000,8,-2
49800.000000,9,-2
49800.000000,10,-2
49800.000000,11,-2
49800.000000,12,-2
49800.000000,13,-2
50400.000000,0,-2
50400.000000,1,-2
50400.000000,5,-2
50400.000000,6,-2
50400.000000,7,-2
50400.000000,8,-2
50400.000000,9,-2
50400.000000,10,-2
50400.000000,11,-2
50400.000000,12,-2
50400.000000,13,-2
51000.000000,0,-2
51000.000000,1,-2
51000.000000,5,-2
51000.000000,6,-2
51000.000000,7,-2
51000.000000,8,-2
51000.000000,9,-2
51000.000000,10,-2
51000.000000,11,-2
51000.000000,12,-2
51000.000000,13,-2
51600.000000,0,-2
51600.000000,1,-2
51600.000000,5,-2
51600.000000,6,-2
51600.000000,7,-2
51600.000000,8,-2
51600.000000,9,-2
51600.000000,10,-2
51600.000000,11,-2
51600.000000,12,-2
51600.000000,13,-2
52200.000000,0,-2
52200.000000,1,-2
52200.000000,5,-2
52200.000000,6,-2
52200.000000,7,-2
52200.000000,8,-2
52200.000000,9,-2
52200.000000,10,-2
52200.000000,11,-2
52200.000000,12,-2
52200.000000,13,-2
52800.000000,0,-2
52800.000000,1,-2
52800.000000,5,-2
52800.000000,6,-2
52800.000000,7,-2
52800.000000,8,-2
52800.000000,9,-2
52800.000000,10,-2
52800.000000,11,-2
52800.000000,12,-2
52800.000000,13,-2
53400.000000,0,-2
53400.000000,1,-2
53400.000000,5,-2
53400.000000,6,-2
53400.000000,7,-2
53400.000000,8,-2
53400.000000,9,-2
53400.000000,10,-2
53400.000000,11,-2
53400.000000,12,-2
53400.000000,13,-2
54000.000000,0,-2
54000.000000,1,-2
54000.000000,5,-2
54000.000000,6,-2
54000.000000,7,-2
54000.000000,8,-2
54000.000000,9,-2
54000.000000,10,-2
54000.000000,11,-2
54000.000000,12,-2
54000.000000,13,-2
54600.000000,0,-2
54600.000000,1,-2
54600.000000,5,-2
54600.000000,6,-2
54600.000000,7,-2
54600.000000,8,-2
54600.000000,9,-2
54600.000000,10,-2
54600.000000,11,-2
54600.000000,12,-2
54600.000000,13,-2
55200.000000,0,-2
55200.000000,1,-2
55200.000000,5,-2
55200.000000,6,-2
55200.000000,7,-2
55200.000000,8,-2
55200.000000,9,-2
55200.000000,10,-2
55200.000000,11,-2
55200.000000,12,-2
55200.000000,13,-2
55800.000000,0,-2
55800.000000,1,-2
55800.000000,5,-2
55800.000000,6,-2
55800.000000,7,-2
55800.000000,8,-2
55800.000000,9,-2
55800.000000,10,-2
55800.000000,11,-2
55800.000000,12,-2
55800.000000,13,-2
56400.000000,0,-2
56400.000000,1,-2
56400.000000,5,-2
56400.000000,6,-2
56400.000000,7,-2
56400.000000,8,-2
56400.000000,9,-2
56400.000000,10,-2
56400.000000,11,-2
56400.000000,12,-2
56400.000000,13,-2
57000.000000,0,-2
57000.000000,1,-2
57000.000000,5,-2
57000.000000,6,-2
57000.000000,7,-2
57000.000000,8,-2
57000.000000,9,-2
57000.000000,10,-2
57000.000000,11,-2
57000.000000,12,-2
57000.000000,13,-2
57600.000000,0,-2
57600.000000,1,-2
57600.000000,5,-2
57600.000000,6,-2
57600.000000,7,-2
57600.000000,8,-2
57600.000000,9,-2
57600.000000,10,-2
57600.000000,11,-2
57600.000000,12,-2
57600.000000,13,-2
58200.000000,0,-2
58200.000000,1,-2
58200.000000,5,-2
58200.000000,6,-2
58200.000000,7,-2
58200.000000,8,-2
58200.000000,9,-2
58200.000000,10,-2
58200.000000,11,-2
58200.000000,12,-2
58200.000000,13,-2
58800.000000,0,-2
58800.000000,1,-2
58800.000000,5,-2
58800.000000,6,-2
58800.000000,7,-2
58800.000000,8,-2
58800.000000,9,-2
58800.000000,10,-2
58800.000000,11,-2
58800.000000,12,-2
58800.000000,13,-2
59400.000000,0,-2
59400.000000,1,-2
59400.000000,5,-2
59400.000000,6,-2
59400.000000,7,-2
59400.000000,8,-2
59400.000000,9,-2
59400.000000,10,-2
59400.000000,11,-2
59400.000000,12,-2
59400.000000,13,-2
60000.000000,0,-2
60000.000000,1,-2
60000.000000,5,-2
60000.000000,6,-2
60000.000000,7,-2
60000.000000,8,-2
60000.000000,9,-2
60000.000000,10,-2
60000.000000,11,-2
60000.000000,12,-2
60000.000000,13,-2
60600.000000,0,-2
60600.000000,1,-2
60600.000000,5,-2
60600.000000,6,-2
60600.000000,7,-2
60600.000000,8,-2
60600.000000,9,-2
60600.000000,10,-2
60600.000000,11,-2
60600.000000,12,-2
60600.000000,13,-2
61200.000000,0,-2
61200.000000,1,-2
61200.000000,5,-2
61200.000000,6,-2
61200.000000,7,-2
61200.000000,8,-2
61200.000000,9,-2
61200.000000,10,-2
61200.000000,11,-2
61200.000000,12,-2
61200.000000,13,-2
61800.000000,0,-2
61800.000000,1,-2
61800.000000,5,-2
61800.000000,6,-2
61800.000000,7,-2
61800.000000,8,-2
61800.000000,9,-2
61800.000000,10,-2
61800.000000,11,-2
61800.000000,12,-2
61800.000000,13,-2
62400.000000,0,-2
62400.000000,1,-2
62400.000000,5,-2
62400.000000,6,-2
62400.000000,7,-2
62400.000000,8,-2
62400.000000,9,-2
62400.000000,10,-2
62400.000000,11,-2
62400.000000,12,-2
62400.000000,13,-2
63000.000000,0,-2
63000.000000,1,-2
63000.000000,5,-2
63000.000000,6,-2
63000.000000,7,-2
63000.000000,8,-2
63000.000000,9,-2
63000.000000,10,-2
63000.000000,11,-2
63000.000000,12,-2
63000.000000,13,-2
63600.000000,0,-2
63600.000000,1,-2
63600.000000,5,-2
63600.000000,6,-2
63600.000000,7,-2
63600.000000,8,-2
63600.000000,9,-2
63600.000000,10,-2
63600.000000,11,-2
63600.000000,12,-2
63600.000000,13,-2
64200.000000,0,-2
64200.000000,1,-2
64200.000000,5,-2
64200.000000,6,-2
64200.000000,7,-2
64200.000000,8,-2
64200.000000,9,-2
64200.000000,10,-2
64200.000000,11,-2
64200.000000,12,-2
64200.000000,13,-2
64800.000000,0,-2
64800.000000,1,-2
64800.000000,5,-2
64800.000000,6,-2
64800.000000,7,-2
64800.000000,8,-2
64800.000000,9,-2
64800.000000,10,-2
64800.000000,11,-2
64800.000000,12,-2
64800.000000,13,-2
65400.000000,0,-2
65400.000000,1,-2
65400.000000,5,-2
65400.000000,6,-2
65400.000000,7,-2
65400.000000,8,-2
65400.000000,9,-2
65400.000000,10,-2
65400.000000,11,-2
65400.000000,12,-2
65400.000000,13,-2
66000.000000,0,-2
66000.000000,1,-2
66000.000000,5,-2
66000.000000,6,-2
66000.000000,7,-2
66000.000000,8,-2
66000.000000,9,-2
66000.000000,10,-2
66000.000000,11,-2
66000.000000,12,-2
66000.000000,13,-2
66600.000000,0,-2
66600.000000,1,-2
66600.000000,5,-2
66600.000000,6,-2
66600.000000,7,-2
66600.000000,8,-2
66600.000000,9,-2
66600.000000,10,-2
66600.000000,11,-2
66600.000000,12,-2
66600.000000,13,-2
67200.000000,0,-2
67200.000000,1,-2
67200.000000,5,-2
67200.000000,6,-2
67200.000000,7,-2
67200.000000,8,-2
67200.000000,9,-2
67200.000000,10,-2
67200.000000,11,-2
67200.000000,12,-2
67200.000000,13,-2
67800.000000,0,-2
67800.000000,1,-2
67800.000000,5,-2
67800.000000,6,-2
67800.000000,7,-2
67800.000000,8,-2
67800.000000,9,-2
67800.000000,10,-2
67800.000000,11,-2
67800.000000,12,-2
67800.000000,13,-2
68400.000000,0,-2
68400.000000,1,-2
68400.000000,5,-2
68400.000000,6,-2
68400.000000,7,-2
68400.000000,8,-2
68400.000000,9,-2
68400.000000,10,-2
68400.000000,11,-2
68400.000000,12,-2
68400.000000,13,-2
69000.000000,0,-2
69000.000000,1,-2
69000.000000,5,-2
69000.000000,6,-2
69000.000000,7,-2
69000.000000,8,-2
69000.000000,9,-2
69000.000000,10,-2
69000.000000,11,-2
69000.000000,12,-2
69000.000000,13,-2
69600.000000,0,-2
69600.000000,1,-2
69600.000000,5,-2
69600.000000,6,-2
69600.000000,7,-2
69600.000000,8,-2
69600.000000,9,-2
69600.000000,10,-2
69600.000000,11,-2
69600.000000,12,-2
69600.000000,13,-2
70200.000000,0,-2
70200.000000,1,-2
70200.000000,5,-2
70200.000000,6,-2
70200.000000,7,-2
70200.000000,8,-2
70200.000000,9,-2
70200.000000,10,-2
70200.000000,11,-2
70200.000000,12,-2
70200.000000,13,-2
70800.000000,0,-2
70800.000000,1,-2
70800.000000,5,-2
70800.000000,6,-2
70800.000000,7,-2
70800.000000,8,-2
70800.000000,9,-2
70800.000000,10,-2
70800.000000,11,-2
70800.000000,12,-2
70800.000000,13,-2
71400.000000,0,-2
71400.000000,1,-2
71400.000000,5,-2
71400.000000,6,-2
71400.000000,7,-2
71400.000000,8,-2
71400.000000,9,-2
71400.000000,10,-2
71400.000000,11,-2
71400.000000,12,-2
71400.000000,13,-2
72000.000000,0,-2
72000.000000,1,-2
72000.000000,5,-2
72000.000000,6,-2
72000.000000,7,-2
72000.000000,8,-2
72000.000000,9,-2
72000.000000,10,-2
72000.000000,11,-2
72000.000000,12,-2
72000.000000,13,-2
72600.000000,0,-2
72600.000000,1,-2
72600.000000,5,-2
72600.000000,6,-2
72600.000000,7,-2
72600.000000,8,-2
72600.000000,9,-2
72600.000000,10,-2
72600.000000,11,-2
72600.000000,12,-2
72600.000000,13,-2
73200.000000,0,-2
73200.000000,1,-2
73200.000000,5,-2
73200.000000,6,-2
73200.000000,7,-2
73200.000000,8,-2
73200.000000,9,-2
73200.000000,10,-2
73200.000000,11,-2
73200.000000,12,-2
73200.000000,13,-2
73800.000000,0,-2
73800.000000,1,-2
73800.000000,5,-2
73800.000000,6,-2
73800.000000,7,-2
73800.000000,8,-2
73800.000000,9,-2
73800.000000,10,-2
73800.000000,11,-2
73800.000000,12,-2
73800.000000,13,-2
74400.000000,0,-2
74400.000000,1,-2
74400.000000,5,-2
74400.000000,6,-2
74400.000000,7,-2
74400.000000,8,-2
74400.000000,9,-2
74400.000000,10,-2
74400.000000,11,-2
74400.000000,12,-2
74400.000000,13,-2
75000.000000,0,-2
75000.000000,1,-2
75000.000000,5,-2
75000.000000,6,-2
75000.000000,7,-2
75000.000000,8,-2
75000.000000,9,-2
75000.000000,10,-2
75000.000000,11,-2
75000.000000,12,-2
75000.000000,13,-2
75600.000000,0,-2
75600.000000,1,-2
75600.000000,5,-2
75600.000000,6,-2
75600.000000,7,-2
75600.000000,8,-2
75600.000000,9,-2
75600.000000,10,-2
75600.000000,11,-2
75600.000000,12,-2
75600.000000,13,-2
76200.000000,0,-2
76200.000000,1,-2
76200.000000,5,-2
76200.000000,6,-2
76200.000000,7,-2
76200.000000,8,-2
76200.000000,9,-2
76200.000000,10,-2
76200.000000,11,-2
76200.000000,12,-2
76200.000000,13,-2
76800.000000,0,-2
76800.000000,1,-2
76800.000000,5,-2
76800.000000,6,-2
76800.000000,7,-2
76800.000000,8,-2
76800.000000,9,-2
76800.000000,10,-2
76800.000000,11,-2
76800.000000,12,-2
76800.000000,13,-2
77400.000000,0,-2
77400.000000,1,-2
77400.000000,5,-2
77400.000000,6,-2
77400.000000,7,-2
77400.000000,8,-2
77400.000000,9,-2
77400.000000,10,-2
77400.000000,11,-2
77400.000000,12,-2
77400.000000,13,-2
78000.000000,0,-2
78000.000000,1,-2
78000.000000,5,-2
78000.000000,6,-2
78000.000000,7,-2
78000.000000,8,-2
78000.000000,9,-2
78000.000000,10,-2
78000.000000,11,-2
78000.000000,12,-2
78000.000000,13,-2
78600.000000,0,-2
78600.000000,1,-2
78600.000000,5,-2
78600.000000,6,-2
78600.000000,7,-2
78600.000000,8,-2
78600.000000,9,-2
78600.000000,10,-2
78600.000000,11,-2
78600.000000,12,-2
78600.000000,13,-2
79200.000000,0,-2
79200.000000,1,-2
79200.000000,5,-2
79200.000000,6,-2
79200.000000,7,-2
79200.000000,8,-2
79200.000000,9,-2
79200.000000,10,-2
79200.000000,11,-2
79200.000000,12,-2
79200.000000,13,-2
79800.000000,0,-2
79800.000000,1,-2
79800.000000,5,-2
79800.000000,6,-2
79800.000000,7,-2
79800.000000,8,-2
79800.000000,9,-2
79800.000000,10,-2
79800.000000,11,-2
79800.000000,12,-2
79800.000000,13,-2
80400.000000,0,-2
80400.000000,1,-2
80400.000000,5,-2
80400.000000,6,-2
80400.000000,7,-2
80400.000000,8,-2
80400.000000,9,-2
80400.000000,10,-2
80400.000000,11,-2
80400.000000,12,-2
80400.000000,13,-2
81000.000000,0,-2
81000.000000,1,-2
81000.000000,5,-2
81000.000000,6,-2
81000.000000,7,-2
81000.000000,8,-2
81000.000000,9,-2
81000.000000,10,-2
81000.000000,11,-2
81000.000000,12,-2
81000.000000,13,-2
81600.000000,0,-2
81600.000000,1,-2
81600.000000,5,-2
81600.000000,6,-2
81600.000000,7,-2
81600.000000,8,-2
81600.000000,9,-2
81600.000000,10,-2
81600.000000,11,-2
81600.000000,12,-2
81600.000000,13,-2
82200.000000,0,-2
82200.000000,1,-2
82200.000000,5,-2
82200.000000,6,-2
82200.000000,7,-2
82200.000000,8,-2
82200.000000,9,-2
82200.000000,10,-2
82200.000000,11,-2
82200.000000,12,-2
82200.000000,13,-2
82800.000000,0,-2
82800.000000,1,-2
82800.000000,5,-2
82800.000000,6,-2
82800.000000,7,-2
82800.000000,8,-2
82800.000000,9,-2
82800.000000,10,-2
82800.000000,11,-2
82800.000000,12,-2
82800.000000,13,-2
83400.000000,0,-2
83400.000000,1,-2
83400.000000,5,-2
83400.000000,6,-2
83400.000000,7,-2
83400.000000,8,-2
83400.000000,9,-2
83400.000000,10,-2
83400.000000,11,-2
83400.000000,12,-2
83400.000000,13,-2
84000.000000,0,-2
84000.000000,1,-2
84000.000000,5,-2
84000.000000,6,-2
84000.000000,7,-2
84000.000000,8,-2
84000.000000,9,-2
84000.000000,10,-2
84000.000000,11,-2
84000.000000,12,-2
84000.000000,13,-2
84600.000000,0,-2
84600.000000,1,-2
84600.000000,5,-2
84600.000000,6,-2
84600.000000,7,-2
84600.000000,8,-2
84600.000000,9,-2
84600.000000,10,-2
84600.000000,11,-2
84600.000000,12,-2
84600.000000,13,-2
85200.000000,0,-2
85200.000000,1,-2
85200.000000,5,-2
85200.000000,6,-2
85200.000000,7,-2
85200.000000,8,-2
85200.000000,9,-2
85200.000000,10,-2
85200.000000,11,-2
85200.000000,12,-2
85200.000000,13,-2
85800.000000,0,-2
85800.000000,1,-2
85800.000000,5,-2
85800.000000,6,-2
85800.000000,7,-2
85800.000000,8,-2
85800.000000,9,-2
85800.000000,10,-2
85800.000000,11,-2
85800.000000,12,-2
85800.000000,13,-2
86400.000000,0,-2
86400.000000,1,-2
86400.000000,5,-2
86400.000000,6,-2
86400.000000,7,-2
86400.000000,8,-2
86400.000000,9,-2
86400.000000,10,-2
86400.000000,11,-2
86400.000000,12,-2
86400.000000,13,-2
87000.000000,0,-2
87000.000000,1,-2
87000.000000,5,-2
87000.000000,6,-2
87000.000000,7,-2
87000.000000,8,-2
87000.000000,9,-2
87000.000000,10,-2
87000.000000,11,-2
87000.000000,12,-2
87000.000000,13,-2
87600.000000,0,-2
87600.000000,1,-2
87600.000000,5,-2
87600.000000,6,-2
87600.000000,7,-2
87600.000000,8,-2
87600.000000,9,-2
87600.000000,10,-2
87600.000000,11,-2
87600.000000,12,-2
87600.000000,13,-2
88200.000000,0,-2
88200.000000,1,-2
88200.000000,5,-2
88200.000000,6,-2
88200.000000,7,-2
88200.000000,8,-2
88200.000000,9,-2
88200.000000,10,-2
88200.000000,11,-2
88200.000000,12,-2
88200.000000,13,-2
88800.000000,0,-2
88800.000000,1,-2
88800.000000,5,-2
88800.000000,6,-2
88800.000000,7,-2
88800.000000,8,-2
88800.000000,9,-2
88800.000000,10,-2
88800.000000,11,-2
88800.000000,12,-2
88800.000000,13,-2
89400.000000,0,-2
89400.000000,1,-2
89400.000000,5,-2
89400.000000,6,-2
89400.000000,7,-2
89400.000000,8,-2
89400.000000,9,-2
89400.000000,10,-2
89400.000000,11,-2
89400.000000,12,-2
89400.000000,13,-2
90000.000000,0,-2
90000.000000,1,-2
90000.000000,5,-2
90000.000000,6,-2
90000.000000,7,-2
90000.000000,8,-2
90000.000000,9,-2
90000.000000,10,-2
90000.000000,11,-2
90000.000000,12,-2
90000.000000,13,-2
90600.000000,0,-2
90600.000000,1,-2
90600.000000,5,-2
90600.000000,6,-2
90600.000000,7,-2
90600.000000,8,-2
90600.000000,9,-2
90600.000000,10,-2
90600.000000,11,-2
90600.000000,12,-2
90600.000000,13,-2
91200.000000,0,-2
91200.000000,1,-2
91200.000000,5,-2
91200.000000,6,-2
91200.000000,7,-2
91200.000000,8,-2
91200.000000,9,-2
91200.000000,10,-2
91200.000000,11,-2
91200.000000,12,-2
91200.000000,13,-2
91800.000000,0,-2
91800.000000,1,-2
91800.000000,5,-2
91800.000000,6,-2
91800.000000,7,-2
91800.000000,8,-2
91800.000000,9,-2
91800.000000,10,-2
91800.000000,11,-2
91800.000000,12,-2
91800.000000,13,-2
92400.000000,0,-2
92400.000000,1,-2
92400.000000,5,-2
92400.000000,6,-2
92400.000000,7,-2
92400.000000,8,-2
92400.000000,9,-2
92400.000000,10,-2
92400.000000,11,-2
92400.000000,12,-2
92400.000000,13,-2
93000.000000,0,-2
93000.000000,1,-2
93000.000000,5,-2
93000.000000,6,-2
93000.000000,7,-2
93000.000000,8,-2
93000.000000,9,-2
93000.000000,10,-2
93000.000000,11,-2
93000.000000,12,-2
93000.000000,13,-2
93600.000000,0,-2
93600.000000,1,-2
93600.000000,5,-2
93600.000000,6,-2
93600.000000,7,-2
93600.000000,8,-2
93600.000000,9,-2
93600.000000,10,-2
93600.000000,11,-2
93600.000000,12,-2
93600.000000,13,-2
94200.000000,0,-2
94200.000000,1,-2
94200.000000,5,-2
94200.000000,6,-2
94200.000000,7,-2
94200.000000,8,-2
94200.000000,9,-2
94200.000000,10,-2
94200.000000,11,-2
94200.000000,12,-2
94200.000000,13,-2
94800.000000,0,-2
94800.000000,1,-2
94800.000000,5,-2
94800.000000,6,-2
94800.000000,7,-2
94800.000000,8,-2
94800.000000,9,-2
94800.000000,10,-2
94800.000000,11,-2
94800.000000,12,-2
94800.000000,13,-2
95400.000000,0,-2
95400.000000,1,-2
95400.000000,5,-2
95400.000000,6,-2
95400.000000,7,-2
95400.000000,8,-2
95400.000000,9,-2
95400.000000,10,-2
95400.000000,11,-2
95400.000000,12,-2
95400.000000,13,-2
96000.000000,0,-2
96000.000000,1,-2
96000.000000,5,-2
96000.000000,6,-2
96000.000000,7,-2
96000.000000,8,-2
96000.000000,9,-2
96000.000000,10,-2
96000.000000,11,-2
96000.000000,12,-2
96000.000000,13,-2
96600.000000,0,-2
96600.000000,1,-2
96600.000000,5,-2
96600.000000,6,-2
96600.000000,7,-2
96600.000000,8,-2
96600.000000,9,-2
96600.000000,10,-2
96600.000000,11,-2
96600.000000,12,-2
96600.000000,13,-2
97200.000000,0,-2
97200.000000,1,-2
97200.000000,5,-2
97200.000000,6,-2
97200.000000,7,-2
97200.000000,8,-2
97200.000000,9,-2
97200.000000,10,-2
97200.000000,11,-2
97200.000000,12,-2
97200.000000,13,-2
97800.000000,0,-2
97800.000000,1,-2
97800.000000,5,-2
97800.000000,6,-2
97800.000000,7,-2
97800.000000,8,-2
97800.000000,9,-2
97800.000000,10,-2
97800.000000,11,-2
97800.000000,12,-2
97800.000000,13,-2
98400.000000,0,-2
98400.000000,1,-2
98400.000000,5,-2
98400.000000,6,-2
98400.000000,7,-2
98400.000000,8,-2
98400.000000,9,-2
98400.000000,10,-2
98400.000000,11,-2
98400.000000,12,-2
98400.000000,13,-2
99000.000000,0,-2
99000.000000,1,-2
99000.000000,5,-2
99000.000000,6,-2
99000.000000,7,-2
99000.000000,8,-2
99000.000000,9,-2
99000.000000,10,-2
99000.000000,11,-2
99000.000000,12,-2
99000.000000,13,-2
99600.000000,0,-2
99600.000000,1,-2
99600.000000,5,-2
99600.000000,6,-2
99600.000000,7,-2
99600.000000,8,-2
99600.000000,9,-2
99600.000000,10,-2
99600.000000,11,-2
99600.000000,12,-2
99600.000000,13,-2
100200.000000,0,-2
100200.000000,1,-2
100200.000000,5,-2
100200.000000,6,-2
100200.000000,7,-2
100200.000000,8,-2
100200.000000,9,-2
100200.000000,10,-2
100200.000000,11,-2
100200.000000,12,-2
100200.000000,13,-2
100800.000000,0,-2
100800.000000,1,-2
100800.000000,5,-2
100800.000000,6,-2
100800.000000,7,-2
100800.000000,8,-2
100800.000000,9,-2
100800.000000,10,-2
100800.000000,11,-2
100800.000000,12,-2
100800.000000,13,-2
101400.000000,0,-2
101400.000000,1,-2
101400.000000,5,-2
101400.000000,6,-2
101400.000000,7,-2
101400.000000,8,-2
101400.000000,9,-2
101400.000000,10,-2
101400.000000,11,-2
101400.000000,12,-2
101400.000000,13,-2
102000.000000,0,-2
102000.000000,1,-2
102000.000000,5,-2
102000.000000,6,-2
102000.000000,7,-2
102000.000000,8,-2
102000.000000,9,-2
102000.000000,10,-2
102000.000000,11,-2
102000.000000,12,-2
102000.000000,13,-2
102600.000000,0,-2
102600.000000,1,-2
102600.000000,5,-2
102600.000000,6,-2
102600.000000,7,-2
102600.000000,8,-2
102600.000000,9,-2
102600.000000,10,-2
102600.000000,11,-2
102600.000000,12,-2
102600.000000,13,-2
103200.000000,0,-2
103200.000000,1,-2
103200.000000,5,-2
103200.000000,6,-2
103200.000000,7,-2
103200.000000,8,-2
103200.000000,9,-2
103200.000000,10,-2
103200.000000,11,-2
103200.000000,12,-2
103200.000000,13,-2
103800.000000,0,-2
103800.000000,1,-2
103800.000000,5,-2
103800.000000,6,-2
103800.000000,7,-2
103800.000000,8,-2
103800.000000,9,-2
103800.000000,10,-2
103800.000000,11,-2
103800.000000,12,-2
103800.000000,13,-2
104400.000000,0,-2
104400.000000,1,-2
104400.000000,5,-2
104400.000000,6,-2
104400.000000,7,-2
104400.000000,8,-2
104400.000000,9,-2
104400.000000,10,-2
104400.000000,11,-2
104400.000000,12,-2
104400.000000,13,-2
105000.000000,0,-2
105000.000000,1,-2
105000.000000,5,-2
105000.000000,6,-2
105000.000000,7,-2
105000.000000,8,-2
105000.000000,9,-2
105000.000000,10,-2
105000.000000,11,-2
105000.000000,12,-2
105000.000000,13,-2
105600.000000,0,-2
105600.000000,1,-2
105600.000000,5,-2
105600.000000,6,-2
105600.000000,7,-2
105600.000000,8,-2
105600.000000,9,-2
105600.000000,10,-2
105600.000000,11,-2
105600.000000,12,-2
105600.000000,13,-2
106200.000000,0,-2
106200.000000,1,-2
106200.000000,5,-2
106200.000000,6,-2
106200.000000,7,-2
106200.000000,8,-2
106200.000000,9,-2
106200.000000,10,-2
106200.000000,11,-2
106200.000000,12,-2
106200.000000,13,-2
106800.000000,0,-2
106800.000000,1,-2
106800.000000,5,-2
106800.000000,6,-2
106800.000000,7,-2
106800.000000,8,-2
106800.000000,9,-2
106800.000000,10,-2
106800.000000,11,-2
106800.000000,12,-2
106800.000000,13,-2
107400.000000,0,-2
107400.000000,1,-2
107400.000000,5,-2
107400.000000,6,-2
107400.000000,7,-2
107400.000000,8,-2
107400.000000,9,-2
107400.000000,10,-2
107400.000000,11,-2
107400.000000,12,-2
107400.000000,13,-2
108000.000000,0,-2
108000.000000,1,-2
108000.000000,5,-2
108000.000000,6,-2
108000.000000,7,-2
108000.000000,8,-2
108000.000000,9,-2
108000.000000,10,-2
108000.000000,11,-2
108000.000000,12,-2
108000.000000,13,-2
108600.000000,0,-2
108600.000000,1,-2
108600.000000,5,-2
108600.000000,6,-2
108600.000000,7,-2
108600.000000,8,-2
108600.000000,9,-2
108600.000000,10,-2
108600.000000,11,-2
108600.000000,12,-2
108600.000000,13,-2
109200.000000,0,-2
109200.000000,1,-2
109200.000000,5,-2
109200.000000,6,-2
109200.000000,7,-2
109200.000000,8,-2
109200.000000,9,-2
109200.000000,10,-2
109200.000000,11,-2
109200.000000,12,-2
109200.000000,13,-2
109800.000000,0,-2
109800.000000,1,-2
109800.000000,5,-2
109800.000000,6,-2
109800.000000,7,-2
109800.000000,8,-2
109800.000000,9,-2
109800.000000,10,-2
109800.000000,11,-2
109800.000000,12,-2
109800.000000,13,-2
110400.000000,0,-2
110400.000000,1,-2
110400.000000,5,-2
110400.000000,6,-2
110400.000000,7,-2
110400.000000,8,-2
110400.000000,9,-2
110400.000000,10,-2
110400.000000,11,-2
110400.000000,12,-2
110400.000000,13,-2
111000.000000,0,-2
111000.000000,1,-2
111000.000000,5,-2
111000.000000,6,-2
111000.000000,7,-2
111000.000000,8,-2
111000.000000,9,-2
111000.000000,10,-2
111000.000000,11,-2
111000.000000,12,-2
111000.000000,13,-2
111600.000000,0,-2
111600.000000,1,-2
111600.000000,5,-2
111600.000000,6,-2
111600.000000,7,-2
111600.000000,8,-2
111600.000000,9,-2
111600.000000,10,-2
111600.000000,11,-2
111600.000000,12,-2
111600.000000,13,-2
112200.000000,0,-2
112200.000000,1,-2
112200.000000,5,-2
112200.000000,6,-2
112200.000000,7,-2
112200.000000,8,-2
112200.000000,9,-2
112200.000000,10,-2
112200.000000,11,-2
112200.000000,12,-2
112200.000000,13,-2
112800.000000,0,-2
112800.000000,1,-2
112800.000000,5,-2
112800.000000,6,-2
112800.000000,7,-2
112800.000000,8,-2
112800.000000,9,-2
112800.000000,10,-2
112800.000000,11,-2
112800.000000,12,-2
112800.000000,13,-2
113400.000000,0,-2
113400.000000,1,-2
113400.000000,5,-2
113400.000000,6,-2
113400.000000,7,-2
113400.000000,8,-2
113400.000000,9,-2
113400.000000,10,-2
113400.000000,11,-2
113400.000000,12,-2
113400.000000,13,-2
114000.000000,0,-2
114000.000000,1,-2
114000.000000,5,-2
114000.000000,6,-2
114000.000000,7,-2
114000.000000,8,-2
114000.000000,9,-2
114000.000000,10,-2
114000.000000,11,-2
114000.000000,12,-2
114000.000000,13,-2
114600.000000,0,-2
114600.000000,1,-2
114600.000000,5,-2
114600.000000,6,-2
114600.000000,7,-2
114600.000000,8,-2
114600.000000,9,-2
114600.000000,10,-2
114600.000000,11,-2
114600.000000,12,-2
114600.000000,13,-2
115200.000000,0,-2
115200.000000,1,-2
115200.000000,5,-2
115200.000000,6,-2
115200.000000,7,-2
115200.000000,8,-2
115200.000000,9,-2
115200.000000,10,-2
115200.000000,11,-2
115200.000000,12,-2
115200.000000,13,-2
115800.000000,0,-2
115800.000000,1,-2
115800.000000,5,-2
115800.000000,6,-2
115800.000000,7,-2
115800.000000,8,-2
115800.000000,9,-2
115800.000000,10,-2
115800.000000,11,-2
115800.000000,12,-2
115800.000000,13,-2
116400.000000,0,-2
116400.000000,1,-2
116400.000000,5,-2
116400.000000,6,-2
116400.000000,7,-2
116400.000000,8,-2
116400.000000,9,-2
116400.000000,10,-2
116400.000000,11,-2
116400.000000,12,-2
116400.000000,13,-2
117000.000000,0,-2
117000.000000,1,-2
117000.000000,5,-2
117000.000000,6,-2
117000.000000,7,-2
117000.000000,8,-2
117000.000000,9,-2
117000.000000,10,-2
117000.000000,11,-2
117000.000000,12,-2
117000.000000,13,-2
117600.000000,0,-2
117600.000000,1,-2
117600.000000,5,-2
117600.000000,6,-2
117600.000000,7,-2
117600.000000,8,-2
117600.000000,9,-2
117600.000000,10,-2
117600.000000,11,-2
117600.000000,12,-2
117600.000000,13,-2
118200.000000,0,-2
118200.000000,1,-2
118200.000000,5,-2
118200.000000,6,-2
118200.000000,7,-2
118200.000000,8,-2
118200.000000,9,-2
118200.000000,10,-2
118200.000000,11,-2
118200.000000,12,-2
118200.000000,13,-2
118800.000000,0,-2
118800.000000,1,-2
118800.000000,5,-2
118800.000000,6,-2
118800.000000,7,-2
118800.000000,8,-2
118800.000000,9,-2
118800.000000,10,-2
118800.000000,11,-2
118800.000000,12,-2
118800.000000,13,-2
119400.000000,0,-2
119400.000000,1,-2
119400.000000,5,-2
119400.000000,6,-2
119400.000000,7,-2
119400.000000,8,-2
119400.000000,9,-2
119400.000000,10,-2
119400.000000,11,-2
119400.000000,12,-2
119400.000000,13,-2
120000.000000,0,-2
120000.000000,1,-2
120000.000000,5,-2
120000.000000,6,-2
120000.000000,7,-2
120000.000000,8,-2
120000.000000,9,-2
120000.000000,10,-2
120000.000000,11,-2
120000.000000,12,-2
120000.000000,13,-2
120600.000000,0,-2
120600.000000,1,-2
120600.000000,5,-2
120600.000000,6,-2
120600.000000,7,-2
120600.000000,8,-2
120600.000000,9,-2
120600.000000,10,-2
120600.000000,11,-2
120600.000000,12,-2
120600.000000,13,-2
121200.000000,0,-2
121200.000000,1,-2
121200.000000,5,-2
121200.000000,6,-2
121200.000000,7,-2
121200.000000,8,-2
121200.000000,9,-2
121200.000000,10,-2
121200.000000,11,-2
121200.000000,12,-2
121200.000000,13,-2
121800.000000,0,-2
121800.000000,1,-2
121800.000000,5,-2
121800.000000,6,-2
121800.000000,7,-2
121800.000000,8,-2
121800.000000,9,-2
121800.000000,10,-2
121800.000000,11,-2
121800.000000,12,-2
121800.000000,13,-2
122400.000000,0,-2
122400.000000,1,-2
122400.000000,5,-2
122400.000000,6,-2
122400.000000,7,-2
122400.000000,8,-2
122400.000000,9,-2
122400.000000,10,-2
122400.000000,11,-2
122400.000000,12,-2
122400.000000,13,-2
123000.000000,0,-2
123000.000000,1,-2
123000.000000,5,-2
123000.000000,6,-2
123000.000000,7,-2
123000.000000,8,-2
123000.000000,9,-2
123000.000000,10,-2
123000.000000,11,-2
123000.000000,12,-2
123000.000000,13,-2
123600.000000,0,-2
123600.000000,1,-2
123600.000000,5,-2
123600.000000,6,-2
123600.000000,7,-2
123600.000000,8,-2
123600.000000,9,-2
123600.000000,10,-2
123600.000000,11,-2
123600.000000,12,-2
123600.000000,13,-2
124200.000000,0,-2
124200.000000,1,-2
124200.000000,5,-2
124200.000000,6,-2
124200.000000,7,-2
124200.000000,8,-2
124200.000000,9,-2
124200.000000,10,-2
124200.000000,11,-2
124200.000000,12,-2
124200.000000,13,-2
124800.000000,0,-2
124800.000000,1,-2
124800.000000,5,-2
124800.000000,6,-2
124800.000000,7,-2
124800.000000,8,-2
124800.000000,9,-2
124800.000000,10,-2
124800.000000,11,-2
124800.000000,12,-2
124800.000000,13,-2
125400.000000,0,-2
125400.000000,1,-2
125400.000000,5,-2
125400.000000,6,-2
125400.000000,7,-2
125400.000000,8,-2
125400.000000,9,-2
125400.000000,10,-2
125400.000000,11,-2
125400.000000,12,-2
125400.000000,13,-2
126000.000000,0,-2
126000.000000,1,-2
126000.000000,5,-2
126000.000000,6,-2
126000.000000,7,-2
126000.000000,8,-2
126000.000000,9,-2
126000.000000,10,-2
126000.000000,11,-2
126000.000000,12,-2
126000.000000,13,-2
126600.000000,0,-2
126600.000000,1,-2
126600.000000,5,-2
126600.000000,6,-2
126600.000000,7,-2
126600.000000,8,-2
126600.000000,9,-2
126600.000000,10,-2
126600.000000,11,-2
126600.000000,12,-2
126600.000000,13,-2
127200.000000,0,-2
127200.000000,1,-2
127200.000000,5,-2
127200.000000,6,-2
127200.000000,7,-2
127200.000000,8,-2
127200.000000,9,-2
127200.000000,10,-2
127200.000000,11,-2
127200.000000,12,-2
127200.000000,13,-2
127800.000000,0,-2
127800.000000,1,-2
127800.000000,5,-2
127800.000000,6,-2
127800.000000,7,-2
127800.000000,8,-2
127800.000000,9,-2
127800.000000,10,-2
127800.000000,11,-2
127800.000000,12,-2
127800.000000,13,-2
128400.000000,0,-2
128400.000000,1,-2
128400.000000,5,-2
128400.000000,6,-2
128400.000000,7,-2
128400.000000,8,-2
128400.000000,9,-2
128400.000000,10,-2
128400.000000,11,-2
128400.000000,12,-2
128400.000000,13,-2
129000.000000,0,-2
129000.000000,1,-2
129000.000000,5,-2
129000.000000,6,-2
129000.000000,7,-2
129000.000000,8,-2
129000.000000,9,-2
129000.000000,10,-2
129000.000000,11,-2
129000.000000,12,-2
129000.000000,13,-2
129600.000000,0,-2
129600.000000,1,-2
129600.000000,5,-2
129600.000000,6,-2
129600.000000,7,-2
129600.000000,8,-2
129600.000000,9,-2
129600.000000,10,-2
129600.000000,11,-2
129600.000000,12,-2
129600.000000,13,-2
130200.000000,0,-2
130200.000000,1,-2
130200.000000,5,-2
130200.000000,6,-2
130200.000000,7,-2
130200.000000,8,-2
130200.000000,9,-2
130200.000000,10,-2
130200.000000,11,-2
130200.000000,12,-2
130200.000000,13,-2
130800.000000,0,-2
130800.000000,1,-2
130800.000000,5,-2
130800.000000,6,-2
130800.000000,7,-2
130800.000000,8,-2
130800.000000,9,-2
130800.000000,10,-2
130800.000000,11,-2
130800.000000,12,-2
130800.000000,13,-2
131400.000000,0,-2
131400.000000,1,-2
131400.000000,5,-2
131400.000000,6,-2
131400.000000,7,-2
131400.000000,8,-2
131400.000000,9,-2
131400.000000,10,-2
131400.000000,11,-2
131400.000000,12,-2
131400.000000,13,-2
132000.000000,0,-2
132000.000000,1,-2
132000.000000,5,-2
132000.000000,6,-2
132000.000000,7,-2
132000.000000,8,-2
132000.000000,9,-2
132000.000000,10,-2
132000.000000,11,-2
132000.000000,12,-2
132000.000000,13,-2
132600.000000,0,-2
132600.000000,1,-2
132600.000000,5,-2
132600.000000,6,-2
132600.000000,7,-2
132600.000000,8,-2
132600.000000,9,-2
132600.000000,10,-2
132600.000000,11,-2
132600.000000,12,-2
132600.000000,13,-2
133200.000000,0,-2
133200.000000,1,-2
133200.000000,5,-2
133200.000000,6,-2
133200.000000,7,-2
133200.000000,8,-2
133200.000000,9,-2
133200.000000,10,-2
133200.000000,11,-2
133200.000000,12,-2
133200.000000,13,-2
133800.000000,0,-2
133800.000000,1,-2
133800.000000,5,-2
133800.000000,6,-2
133800.000000,7,-2
133800.000000,8,-2
133800.000000,9,-2
133800.000000,10,-2
133800.000000,11,-2
133800.000000,12,-2
133800.000000,13,-2
134400.000000,0,-2
134400.000000,1,-2
134400.000000,5,-2
134400.000000,6,-2
134400.000000,7,-2
134400.000000,8,-2
134400.000000,9,-2
134400.000000,10,-2
134400.000000,11,-2
134400.000000,12,-2
134400.000000,13,-2
135000.000000,0,-2
135000.000000,1,-2
135000.000000,5,-2
135000.000000,6,-2
135000.000000,7,-2
135000.000000,8,-2
135000.000000,9,-2
135000.000000,10,-2
135000.000000,11,-2
135000.000000,12,-2
135000.000000,13,-2
135600.000000,0,-2
135600.000000,1,-2
135600.000000,5,-2
135600.000000,6,-2
135600.000000,7,-2
135600.000000,8,-2
135600.000000,9,-2
135600.000000,10,-2
135600.000000,11,-2
135600.000000,12,-2
135600.000000,13,-2
136200.000000,0,-2
136200.000000,1,-2
136200.000000,5,-2
136200.000000,6,-2
136200.000000,7,-2
136200.000000,8,-2
136200.000000,9,-2
136200.000000,10,-2
136200.000000,11,-2
136200.000000,12,-2
136200.000000,13,-2
136800.000000,0,-2
136800.000000,1,-2
136800.000000,5,-2
136800.000000,6,-2
136800.000000,7,-2
136800.000000,8,-2
136800.000000,9,-2
136800.000000,10,-2
136800.000000,11,-2
136800.000000,12,-2
136800.000000,13,-2
137400.000000,0,-2
137400.000000,1,-2
137400.000000,5,-2
137400.000000,6,-2
137400.000000,7,-2
137400.000000,8,-2
137400.000000,9,-2
137400.000000,10,-2
137400.000000,11,-2
137400.000000,12,-2
137400.000000,13,-2
138000.000000,0,-2
138000.000000,1,-2
138000.000000,5,-2
138000.000000,6,-2
138000.000000,7,-2
138000.000000,8,-2
138000.000000,9,-2
138000.000000,10,-2
138000.000000,11,-2
138000.000000,12,-2
138000.000000,13,-2
138600.000000,0,-2
138600.000000,1,-2
138600.000000,5,-2
138600.000000,6,-2
138600.000000,7,-2
138600.000000,8,-2
138600.000000,9,-2
138600.000000,10,-2
138600.000000,11,-2
138600.000000,12,-2
138600.000000,13,-2
139200.000000,0,-2
139200.000000,1,-2
139200.000000,5,-2
139200.000000,6,-2
139200.000000,7,-2
139200.000000,8,-2
139200.000000,9,-2
139200.000000,10,-2
139200.000000,11,-2
139200.000000,12,-2
139200.000000,13,-2
139800.000000,0,-2
139800.000000,1,-2
139800.000000,5,-2
139800.000000,6,-2
139800.000000,7,-2
139800.000000,8,-2
139800.000000,9,-2
139800.000000,10,-2
139800.000000,11,-2
139800.000000,12,-2
139800.000000,13,-2
140400.000000,0,-2
140400.000000,1,-2
140400.000000,5,-2
140400.000000,6,-2
140400.000000,7,-2
140400.000000,8,-2
140400.000000,9,-2
140400.000000,10,-2
140400.000000,11,-2
140400.000000,12,-2
140400.000000,13,-2
141000.000000,0,-2
141000.000000,1,-2
141000.000000,5,-2
141000.000000,6,-2
141000.000000,7,-2
141000.000000,8,-2
141000.000000,9,-2
141000.000000,10,-2
141000.000000,11,-2
141000.000000,12,-2
141000.000000,13,-2
141600.000000,0,-2
141600.000000,1,-2
141600.000000,5,-2
141600.000000,6,-2
141600.000000,7,-2
141600.000000,8,-2
141600.000000,9,-2
141600.000000,10,-2
141600.000000,11,-2
141600.000000,12,-2
141600.000000,13,-2
142200.000000,0,-2
142200.000000,1,-2
142200.000000,5,-2
142200.000000,6,-2
142200.000000,7,-2
142200.000000,8,-2
142200.000000,9,-2
142200.000000,10,-2
142200.000000,11,-2
142200.000000,12,-2
142200.000000,13,-2
142800.000000,0,-2
142800.000000,1,-2
142800.000000,5,-2
142800.000000,6,-2
142800.000000,7,-2
142800.000000,8,-2
142800.000000,9,-2
142800.000000,10,-2
142800.000000,11,-2
142800.000000,12,-2
142800.000000,13,-2
143400.000000,0,-2
143400.000000,1,-2
143400.000000,5,-2
143400.000000,6,-2
143400.000000,7,-2
143400.000000,8,-2
143400.000000,9,-2
143400.000000,10,-2
143400.000000,11,-2
143400.000000,12,-2
143400.000000,13,-2
144000.000000,0,-2
144000.000000,1,-2
144000.000000,5,-2
144000.000000,6,-2
144000.000000,7,-2
144000.000000,8,-2
144000.000000,9,-2
144000.000000,10,-2
144000.000000,11,-2
144000.000000,12,-2
144000.000000,13,-2
144600.000000,0,-2
144600.000000,1,-2
144600.000000,5,-2
144600.000000,6,-2
144600.000000,7,-2
144600.000000,8,-2
144600.000000,9,-2
144600.000000,10,-2
144600.000000,11,-2
144600.000000,12,-2
144600.000000,13,-2
145200.000000,0,-2
145200.000000,1,-2
145200.000000,5,-2
145200.000000,6,-2
145200.000000,7,-2
145200.000000,8,-2
145200.000000,9,-2
145200.000000,10,-2
145200.000000,11,-2
145200.000000,12,-2
145200.000000,13,-2
145800.000000,0,-2
145800.000000,1,-2
145800.000000,5,-2
145800.000000,6,-2
145800.000000,7,-2
145800.000000,8,-2
145800.000000,9,-2
145800.000000,10,-2
145800.000000,11,-2
145800.000000,12,-2
145800.000000,13,-2
146400.000000,0,-2
146400.000000,1,-2
146400.000000,5,-2
146400.000000,6,-2
146400.000000,7,-2
146400.000000,8,-2
146400.000000,9,-2
146400.000000,10,-2
146400.000000,11,-2
146400.000000,12,-2
146400.000000,13,-2
147000.000000,0,-2
147000.000000,1,-2
147000.000000,5,-2
147000.000000,6,-2
147000.000000,7,-2
147000.000000,8,-2
147000.000000,9,-2
147000.000000,10,-2
147000.000000,11,-2
147000.000000,12,-2
147000.000000,13,-2
147600.000000,0,-2
147600.000000,1,-2
147600.000000,5,-2
147600.000000,6,-2
147600.000000,7,-2
147600.000000,8,-2
147600.000000,9,-2
147600.000000,10,-2
147600.000000,11,-2
147600.000000,12,-2
147600.000000,13,-2
148200.000000,0,-2
148200.000000,1,-2
148200.000000,5,-2
148200.000000,6,-2
148200.000000,7,-2
148200.000000,8,-2
148200.000000,9,-2
148200.000000,10,-2
148200.000000,11,-2
148200.000000,12,-2
148200.000000,13,-2
148800.000000,0,-2
148800.000000,1,-2
148800.000000,5,-2
148800.000000,6,-2
148800.000000,7,-2
148800.000000,8,-2
148800.000000,9,-2
148800.000000,10,-2
148800.000000,11,-2
148800.000000,12,-2
148800.000000,13,-2
149400.000000,0,-2
149400.000000,1,-2
149400.000000,5,-2
149400.000000,6,-2
149400.000000,7,-2
149400.000000,8,-2
149400.000000,9,-2
149400.000000,10,-2
149400.000000,11,-2
149400.000000,12,-2
149400.000000,13,-2
150000.000000,0,-2
150000.000000,1,-2
150000.000000,5,-2
150000.000000,6,-2
150000.000000,7,-2
150000.000000,8,-2
150000.000000,9,-2
150000.000000,10,-2
150000.000000,11,-2
150000.000000,12,-2
150000.000000,13,-2
150600.000000,0,-2
150600.000000,1,-2
150600.000000,5,-2
150600.000000,6,-2
150600.000000,7,-2
150600.000000,8,-2
150600.000000,9,-2
150600.000000,10,-2
150600.000000,11,-2
150600.000000,12,-2
150600.000000,13,-2
151200.000000,0,-2
151200.000000,1,-2
151200.000000,5,-2
151200.000000,6,-2
151200.000000,7,-2
151200.000000,8,-2
151200.000000,9,-2
151200.000000,10,-2
151200.000000,11,-2
151200.000000,12,-2
151200.000000,13,-2
151800.000000,0,-2
151800.000000,1,-2
151800.000000,5,-2
151800.000000,6,-2
151800.000000,7,-2
151800.000000,8,-2
151800.000000,9,-2
151800.000000,10,-2
151800.000000,11,-2
151800.000000,12,-2
151800.000000,13,-2
152400.000000,0,-2
152400.000000,1,-2
152400.000000,5,-2
152400.000000,6,-2
152400.000000,7,-2
152400.000000,8,-2
152400.000000,9,-2
152400.000000,10,-2
152400.000000,11,-2
152400.000000,12,-2
152400.000000,13,-2
153000.000000,0,-2
153000.000000,1,-2
153000.000000,5,-2
153000.000000,6,-2
153000.000000,7,-2
153000.000000,8,-2
153000.000000,9,-2
153000.000000,10,-2
153000.000000,11,-2
153000.000000,12,-2
153000.000000,13,-2
153600.000000,0,-2
153600.000000,1,-2
153600.000000,5,-2
153600.000000,6,-2
153600.000000,7,-2
153600.000000,8,-2
153600.000000,9,-2
153600.000000,10,-2
153600.000000,11,-2
153600.000000,12,-2
153600.000000,13,-2
154200.000000,0,-2
154200.000000,1,-2
154200.000000,5,-2
154200.000000,6,-2
154200.000000,7,-2
154200.000000,8,-2
154200.000000,9,-2
154200.000000,10,-2
154200.000000,11,-2
154200.000000,12,-2
154200.000000,13,-2
154800.000000,0,-2
154800.000000,1,-2
154800.000000,5,-2
154800.000000,6,-2
154800.000000,7,-2
154800.000000,8,-2
154800.000000,9,-2
154800.000000,10,-2
154800.000000,11,-2
154800.000000,12,-2
154800.000000,13,-2
155400.000000,0,-2
155400.000000,1,-2
155400.000000,5,-2
155400.000000,6,-2
155400.000000,7,-2
155400.000000,8,-2
155400.000000,9,-2
155400.000000,10,-2
155400.000000,11,-2
155400.000000,12,-2
155400.000000,13,-2
156000.000000,0,-2
156000.000000,1,-2
156000.000000,5,-2
156000.000000,6,-2
156000.000000,7,-2
156000.000000,8,-2
156000.000000,9,-2
156000.000000,10,-2
156000.000000,11,-2
156000.000000,12,-2
156000.000000,13,-2
156600.000000,0,-2
156600.000000,1,-2
156600.000000,5,-2
156600.000000,6,-2
156600.000000,7,-2
156600.000000,8,-2
156600.000000,9,-2
156600.000000,10,-2
156600.000000,11,-2
156600.000000,12,-2
156600.000000,13,-2
157200.000000,0,-2
157200.000000,1,-2
157200.000000,5,-2
157200.000000,6,-2
157200.000000,7,-2
157200.000000,8,-2
157200.000000,9,-2
157200.000000,10,-2
157200.000000,11,-2
157200.000000,12,-2
157200.000000,13,-2
157800.000000,0,-2
157800.000000,1,-2
157800.000000,5,-2
157800.000000,6,-2
157800.000000,7,-2
157800.000000,8,-2
157800.000000,9,-2
157800.000000,10,-2
157800.000000,11,-2
157800.000000,12,-2
157800.000000,13,-2
158400.000000,0,-2
158400.000000,1,-2
158400.000000,5,-2
158400.000000,6,-2
158400.000000,7,-2
158400.000000,8,-2
158400.000000,9,-2
158400.000000,10,-2
158400.000000,11,-2
158400.000000,12,-2
158400.000000,13,-2
159000.000000,0,-2
159000.000000,1,-2
159000.000000,5,-2
159000.000000,6,-2
159000.000000,7,-2
159000.000000,8,-2
159000.000000,9,-2
159000.000000,10,-2
159000.000000,11,-2
159000.000000,12,-2
159000.000000,13,-2
159600.000000,0,-2
159600.000000,1,-2
159600.000000,5,-2
159600.000000,6,-2
159600.000000,7,-2
159600.000000,8,-2
159600.000000,9,-2
159600.000000,10,-2
159600.000000,11,-2
159600.000000,12,-2
159600.000000,13,-2
160200.000000,0,-2
160200.000000,1,-2
160200.000000,5,-2
160200.000000,6,-2
160200.000000,7,-2
160200.000000,8,-2
160200.000000,9,-2
160200.000000,10,-2
160200.000000,11,-2
160200.000000,12,-2
160200.000000,13,-2
160800.000000,0,-2
160800.000000,1,-2
160800.000000,5,-2
160800.000000,6,-2
160800.000000,7,-2
160800.000000,8,-2
160800.000000,9,-2
160800.000000,10,-2
160800.000000,11,-2
160800.000000,12,-2
160800.000000,13,-2
161400.000000,0,-2
161400.000000,1,-2
161400.000000,5,-2
161400.000000,6,-2
161400.000000,7,-2
161400.000000,8,-2
161400.000000,9,-2
161400.000000,10,-2
161400.000000,11,-2
161400.000000,12,-2
161400.000000,13,-2
162000.000000,0,-2
162000.000000,1,-2
162000.000000,5,-2
162000.000000,6,-2
162000.000000,7,-2
162000.000000,8,-2
162000.000000,9,-2
162000.000000,10,-2
162000.000000,11,-2
162000.000000,12,-2
162000.000000,13,-2
162600.000000,0,-2
162600.000000,1,-2
162600.000000,5,-2
162600.000000,6,-2
162600.000000,7,-2
162600.000000,8,-2
162600.000000,9,-2
162600.000000,10,-2
162600.000000,11,-2
162600.000000,12,-2
162600.000000,13,-2
163200.000000,0,-2
163200.000000,1,-2
163200.000000,5,-2
163200.000000,6,-2
163200.000000,7,-2
163200.000000,8,-2
163200.000000,9,-2
163200.000000,10,-2
163200.000000,11,-2
163200.000000,12,-2
163200.000000,13,-2
163800.000000,0,-2
163800.000000,1,-2
163800.000000,5,-2
163800.000000,6,-2
163800.000000,7,-2
163800.000000,8,-2
163800.000000,9,-2
163800.000000,10,-2
163800.000000,11,-2
163800.000000,12,-2
163800.000000,13,-2
164400.000000,0,-2
164400.000000,1,-2
164400.000000,5,-2
164400.000000,6,-2
164400.000000,7,-2
164400.000000,8,-2
164400.000000,9,-2
164400.000000,10,-2
164400.000000,11,-2
164400.000000,12,-2
164400.000000,13,-2
165000.000000,0,-2
165000.000000,1,-2
165000.000000,5,-2
165000.000000,6,-2
165000.000000,7,-2
165000.000000,8,-2
165000.000000,9,-2
165000.000000,10,-2
165000.000000,11,-2
165000.000000,12,-2
165000.000000,13,-2
165600.000000,0,-2
165600.000000,1,-2
165600.000000,5,-2
165600.000000,6,-2
165600.000000,7,-2
165600.000000,8,-2
165600.000000,9,-2
165600.000000,10,-2
165600.000000,11,-2
165600.000000,12,-2
165600.000000,13,-2
166200.000000,0,-2
166200.000000,1,-2
166200.000000,5,-2
166200.000000,6,-2
166200.000000,7,-2
166200.000000,8,-2
166200.000000,9,-2
166200.000000,10,-2
166200.000000,11,-2
166200.000000,12,-2
166200.000000,13,-2
166800.000000,0,-2
166800.000000,1,-2
166800.000000,5,-2
166800.000000,6,-2
166800.000000,7,-2
166800.000000,8,-2
166800.000000,9,-2
166800.000000,10,-2
166800.000000,11,-2
166800.000000,12,-2
166800.000000,13,-2
167400.000000,0,-2
167400.000000,1,-2
167400.000000,5,-2
167400.000000,6,-2
167400.000000,7,-2
167400.000000,8,-2
167400.000000,9,-2
167400.000000,10,-2
167400.000000,11,-2
167400.000000,12,-2
167400.000000,13,-2
168000.000000,0,-2
168000.000000,1,-2
168000.000000,5,-2
168000.000000,6,-2
168000.000000,7,-2
168000.000000,8,-2
168000.000000,9,-2
168000.000000,10,-2
168000.000000,11,-2
168000.000000,12,-2
168000.000000,13,-2
168600.000000,0,-2
168600.000000,1,-2
168600.000000,5,-2
168600.000000,6,-2
168600.000000,7,-2
168600.000000,8,-2
168600.000000,9,-2
168600.000000,10,-2
168600.000000,11,-2
168600.000000,12,-2
168600.000000,13,-2
169200.000000,0,-2
169200.000000,1,-2
169200.000000,5,-2
169200.000000,6,-2
169200.000000,7,-2
169200.000000,8,-2
169200.000000,9,-2
169200.000000,10,-2
169200.000000,11,-2
169200.000000,12,-2
169200.000000,13,-2
169800.000000,0,-2
169800.000000,1,-2
169800.000000,5,-2
169800.000000,6,-2
169800.000000,7,-2
169800.000000,8,-2
169800.000000,9,-2
169800.000000,10,-2
169800.000000,11,-2
169800.000000,12,-2
169800.000000,13,-2
170400.000000,0,-2
170400.000000,1,-2
170400.000000,5,-2
170400.000000,6,-2
170400.000000,7,-2
170400.000000,8,-2
170400.000000,9,-2
170400.000000,10,-2
170400.000000,11,-2
170400.000000,12,-2
170400.000000,13,-2
171000.000000,0,-2
171000.000000,1,-2
171000.000000,5,-2
171000.000000,6,-2
171000.000000,7,-2
171000.000000,8,-2
171000.000000,9,-2
171000.000000,10,-2
171000.000000,11,-2
171000.000000,12,-2
171000.000000,13,-2
171600.000000,0,-2
171600.000000,1,-2
171600.000000,5,-2
171600.000000,6,-2
171600.000000,7,-2
171600.000000,8,-2
171600.000000,9,-2
171600.000000,10,-2
171600.000000,11,-2
171600.000000,12,-2
171600.000000,13,-2
172200.000000,0,-2
172200.000000,1,-2
172200.000000,5,-2
172200.000000,6,-2
172200.000000,7,-2
172200.000000,8,-2
172200.000000,9,-2
172200.000000,10,-2
172200.000000,11,-2
172200.000000,12,-2
172200.000000,13,-2
172800.000000,0,-2
172800.000000,1,-2
172800.000000,5,-2
172800.000000,6,-2
172800.000000,7,-2
172800.000000,8,-2
172800.000000,9,-2
172800.000000,10,-2
172800.000000,11,-2
172800.000000,12,-2
172800.000000,13,-2
173400.000000,0,-2
173400.000000,1,-2
173400.000000,5,-2
173400.000000,6,-2
173400.000000,7,-2
173400.000000,8,-2
173400.000000,9,-2
173400.000000,10,-2
173400.000000,11,-2
173400.000000,12,-2
173400.000000,13,-2
174000.000000,0,-2
174000.000000,1,-2
174000.000000,5,-2
174000.000000,6,-2
174000.000000,7,-2
174000.000000,8,-2
174000.000000,9,-2
174000.000000,10,-2
174000.000000,11,-2
174000.000000,12,-2
174000.000000,13,-2
174600.000000,0,-2
174600.000000,1,-2
174600.000000,5,-2
174600.000000,6,-2
174600.000000,7,-2
174600.000000,8,-2
174600.000000,9,-2
174600.000000,10,-2
174600.000000,11,-2
174600.000000,12,-2
174600.000000,13,-2
175200.000000,0,-2
175200.000000,1,-2
175200.000000,5,-2
175200.000000,6,-2
175200.000000,7,-2
175200.000000,8,-2
175200.000000,9,-2
175200.000000,10,-2
175200.000000,11,-2
175200.000000,12,-2
175200.000000,13,-2
175800.000000,0,-2
175800.000000,1,-2
175800.000000,5,-2
175800.000000,6,-2
175800.000000,7,-2
175800.000000,8,-2
175800.000000,9,-2
175800.000000,10,-2
175800.000000,11,-2
175800.000000,12,-2
175800.000000,13,-2
176400.000000,0,-2
176400.000000,1,-2
176400.000000,5,-2
176400.000000,6,-2
176400.000000,7,-2
176400.000000,8,-2
176400.000000,9,-2
176400.000000,10,-2
176400.000000,11,-2
176400.000000,12,-2
176400.000000,13,-2
177000.000000,0,-2
177000.000000,1,-2
177000.000000,5,-2
177000.000000,6,-2
177000.000000,7,-2
177000.000000,8,-2
177000.000000,9,-2
177000.000000,10,-2
177000.000000,11,-2
177000.000000,12,-2
177000.000000,13,-2
177600.000000,0,-2
177600.000000,1,-2
177600.000000,5,-2
177600.000000,6,-2
177600.000000,7,-2
177600.000000,8,-2
177600.000000,9,-2
177600.000000,10,-2
177600.000000,11,-2
177600.000000,12,-2
177600.000000,13,-2
178200.000000,0,-2
178200.000000,1,-2
178200.000000,5,-2
178200.000000,6,-2
178200.000000,7,-2
178200.000000,8,-2
178200.000000,9,-2
178200.000000,10,-2
178200.000000,11,-2
178200.000000,12,-2
178200.000000,13,-2
178800.000000,0,-2
178800.000000,1,-2
178800.000000,5,-2
178800.000000,6,-2
178800.000000,7,-2
178800.000000,8,-2
178800.000000,9,-2
178800.000000,10,-2
178800.000000,11,-2
178800.000000,12,-2
178800.000000,13,-2
179400.000000,0,-2
179400.000000,1,-2
179400.000000,5,-2
179400.000000,6,-2
179400.000000,7,-2
179400.000000,8,-2
179400.000000,9,-2
179400.000000,10,-2
179400.000000,11,-2
179400.000000,12,-2
179400.000000,13,-2
180000.000000,0,-2
180000.000000,1,-2
180000.000000,5,-2
180000.000000,6,-2
180000.000000,7,-2
180000.000000,8,-2
180000.000000,9,-2
180000.000000,10,-2
180000.000000,11,-2
180000.000000,12,-2
180000.000000,13,-2
180600.000000,0,-2
180600.000000,1,-2
180600.000000,5,-2
180600.000000,6,-2
180600.000000,7,-2
180600.000000,8,-2
180600.000000,9,-2
180600.000000,10,-2
180600.000000,11,-2
180600.000000,12,-2
180600.000000,13,-2
181200.000000,0,-2
181200.000000,1,-2
181200.000000,5,-2
181200.000000,6,-2
181200.000000,7,-2
181200.000000,8,-2
181200.000000,9,-2
181200.000000,10,-2
181200.000000,11,-2
181200.000000,12,-2
181200.000000,13,-2
181800.000000,0,-2
181800.000000,1,-2
181800.000000,5,-2
181800.000000,6,-2
181800.000000,7,-2
181800.000000,8,-2
181800.000000,9,-2
181800.000000,10,-2
181800.000000,11,-2
181800.000000,12,-2
181800.000000,13,-2
182400.000000,0,-2
182400.000000,1,-2
182400.000000,5,-2
182400.000000,6,-2
182400.000000,7,-2
182400.000000,8,-2
182400.000000,9,-2
182400.000000,10,-2
182400.000000,11,-2
182400.000000,12,-2
182400.000000,13,-2
183000.000000,0,-2
183000.000000,1,-2
183000.000000,5,-2
183000.000000,6,-2
183000.000000,7,-2
183000.000000,8,-2
183000.000000,9,-2
183000.000000,10,-2
183000.000000,11,-2
183000.000000,12,-2
183000.000000,13,-2
183600.000000,0,-2
183600.000000,1,-2
183600.000000,5,-2
183600.000000,6,-2
183600.000000,7,-2
183600.000000,8,-2
183600.000000,9,-2
183600.000000,10,-2
183600.000000,11,-2
183600.000000,12,-2
183600.000000,13,-2
184200.000000,0,-2
184200.000000,1,-2
184200.000000,5,-2
184200.000000,6,-2
184200.000000,7,-2
184200.000000,8,-2
184200.000000,9,-2
184200.000000,10,-2
184200.000000,11,-2
184200.000000,12,-2
184200.000000,13,-2
184800.000000,0,-2
184800.000000,1,-2
184800.000000,5,-2
184800.000000,6,-2
184800.000000,7,-2
184800.000000,8,-2
184800.000000,9,-2
184800.000000,10,-2
184800.000000,11,-2
184800.000000,12,-2
184800.000000,13,-2
185400.000000,0,-2
185400.000000,1,-2
185400.000000,5,-2
185400.000000,6,-2
185400.000000,7,-2
185400.000000,8,-2
185400.000000,9,-2
185400.000000,10,-2
185400.000000,11,-2
185400.000000,12,-2
185400.000000,13,-2
186000.000000,0,-2
186000.000000,1,-2
186000.000000,5,-2
186000.000000,6,-2
186000.000000,7,-2
186000.000000,8,-2
186000.000000,9,-2
186000.000000,10,-2
186000.000000,11,-2
186000.000000,12,-2
186000.000000,13,-2
186600.000000,0,-2
186600.000000,1,-2
186600.000000,5,-2
186600.000000,6,-2
186600.000000,7,-2
186600.000000,8,-2
186600.000000,9,-2
186600.000000,10,-2
186600.000000,11,-2
186600.000000,12,-2
186600.000000,13,-2
187200.000000,0,-2
187200.000000,1,-2
187200.000000,5,-2
187200.000000,6,-2
187200.000000,7,-2
187200.000000,8,-2
187200.000000,9,-2
187200.000000,10,-2
187200.000000,11,-2
187200.000000,12,-2
187200.000000,13,-2
187800.000000,0,-2
187800.000000,1,-2
187800.000000,5,-2
187800.000000,6,-2
187800.000000,7,-2
187800.000000,8,-2
187800.000000,9,-2
187800.000000,10,-2
187800.000000,11,-2
187800.000000,12,-2
187800.000000,13,-2
188400.000000,0,-2
188400.000000,1,-2
188400.000000,5,-2
188400.000000,6,-2
188400.000000,7,-2
188400.000000,8,-2
188400.000000,9,-2
188400.000000,10,-2
188400.000000,11,-2
188400.000000,12,-2
188400.000000,13,-2
189000.000000,0,-2
189000.000000,1,-2
189000.000000,5,-2
189000.000000,6,-2
189000.000000,7,-2
189000.000000,8,-2
189000.000000,9,-2
189000.000000,10,-2
189000.000000,11,-2
189000.000000,12,-2
189000.000000,13,-2
189600.000000,0,-2
189600.000000,1,-2
189600.000000,5,-2
189600.000000,6,-2
189600.000000,7,-2
189600.000000,8,-2
189600.000000,9,-2
189600.000000,10,-2
189600.000000,11,-2
189600.000000,12,-2
189600.000000,13,-2
190200.000000,0,-2
190200.000000,1,-2
190200.000000,5,-2
190200.000000,6,-2
190200.000000,7,-2
190200.000000,8,-2
190200.000000,9,-2
190200.000000,10,-2
190200.000000,11,-2
190200.000000,12,-2
190200.000000,13,-2
190800.000000,0,-2
190800.000000,1,-2
190800.000000,5,-2
190800.000000,6,-2
190800.000000,7,-2
190800.000000,8,-2
190800.000000,9,-2
190800.000000,10,-2
190800.000000,11,-2
190800.000000,12,-2
190800.000000,13,-2
191400.000000,0,-2
191400.000000,1,-2
191400.000000,5,-2
191400.000000,6,-2
191400.000000,7,-2
191400.000000,8,-2
191400.000000,9,-2
191400.000000,10,-2
191400.000000,11,-2
191400.000000,12,-2
191400.000000,13,-2
192000.000000,0,-2
192000.000000,1,-2
192000.000000,5,-2
192000.000000,6,-2
192000.000000,7,-2
192000.000000,8,-2
192000.000000,9,-2
192000.000000,10,-2
192000.000000,11,-2
192000.000000,12,-2
192000.000000,13,-2
192600.000000,0,-2
192600.000000,1,-2
192600.000000,5,-2
192600.000000,6,-2
192600.000000,7,-2
192600.000000,8,-2
192600.000000,9,-2
192600.000000,10,-2
192600.000000,11,-2
192600.000000,12,-2
192600.000000,13,-2
193200.000000,0,-2
193200.000000,1,-2
193200.000000,5,-2
193200.000000,6,-2
193200.000000,7,-2
193200.000000,8,-2
193200.000000,9,-2
193200.000000,10,-2
193200.000000,11,-2
193200.000000,12,-2
193200.000000,13,-2
193800.000000,0,-2
193800.000000,1,-2
193800.000000,5,-2
193800.000000,6,-2
193800.000000,7,-2
193800.000000,8,-2
193800.000000,9,-2
193800.000000,10,-2
193800.000000,11,-2
193800.000000,12,-2
193800.000000,13,-2
194400.000000,0,-2
194400.000000,1,-2
194400.000000,5,-2
194400.000000,6,-2
194400.000000,7,-2
194400.000000,8,-2
194400.000000,9,-2
194400.000000,10,-2
194400.000000,11,-2
194400.000000,12,-2
194400.000000,13,-2
195000.000000,0,-2
195000.000000,1,-2
195000.000000,5,-2
195000.000000,6,-2
195000.000000,7,-2
195000.000000,8,-2
195000.000000,9,-2
195000.000000,10,-2
195000.000000,11,-2
195000.000000,12,-2
195000.000000,13,-2
195600.000000,0,-2
195600.000000,1,-2
195600.000000,5,-2
195600.000000,6,-2
195600.000000,7,-2
195600.000000,8,-2
195600.000000,9,-2
195600.000000,10,-2
195600.000000,11,-2
195600.000000,12,-2
195600.000000,13,-2
196200.000000,0,-2
196200.000000,1,-2
196200.000000,5,-2
196200.000000,6,-2
196200.000000,7,-2
196200.000000,8,-2
196200.000000,9,-2
196200.000000,10,-2
196200.000000,11,-2
196200.000000,12,-2
196200.000000,13,-2
196800.000000,0,-2
196800.000000,1,-2
196800.000000,5,-2
196800.000000,6,-2
196800.000000,7,-2
196800.000000,8,-2
196800.000000,9,-2
196800.000000,10,-2
196800.000000,11,-2
196800.000000,12,-2
196800.000000,13,-2
197400.000000,0,-2
197400.000000,1,-2
197400.000000,5,-2
197400.000000,6,-2
197400.000000,7,-2
197400.000000,8,-2
197400.000000,9,-2
197400.000000,10,-2
197400.000000,11,-2
197400.000000,12,-2
197400.000000,13,-2
198000.000000,0,-2
198000.000000,1,-2
198000.000000,5,-2
198000.000000,6,-2
198000.000000,7,-2
198000.000000,8,-2
198000.000000,9,-2
198000.000000,10,-2
198000.000000,11,-2
198000.000000,12,-2
198000.000000,13,-2
198600.000000,0,-2
198600.000000,1,-2
198600.000000,5,-2
198600.000000,6,-2
198600.000000,7,-2
198600.000000,8,-2
198600.000000,9,-2
198600.000000,10,-2
198600.000000,11,-2
198600.000000,12,-2
198600.000000,13,-2
199200.000000,0,-2
199200.000000,1,-2
199200.000000,5,-2
199200.000000,6,-2
199200.000000,7,-2
199200.000000,8,-2
199200.000000,9,-2
199200.000000,10,-2
199200.000000,11,-2
199200.000000,12,-2
199200.000000,13,-2
199800.000000,0,-2
199800.000000,1,-2
199800.000000,5,-2
199800.000000,6,-2
199800.000000,7,-2
199800.000000,8,-2
199800.000000,9,-2
199800.000000,10,-2
199800.000000,11,-2
199800.000000,12,-2
199800.000000,13,-2
200400.000000,0,-2
200400.000000,1,-2
200400.000000,5,-2
200400.000000,6,-2
200400.000000,7,-2
200400.000000,8,-2
200400.000000,9,-2
200400.000000,10,-2
200400.000000,11,-2
200400.000000,12,-2
200400.000000,13,-2
201000.000000,0,-2
201000.000000,1,-2
201000.000000,5,-2
201000.000000,6,-2
201000.000000,7,-2
201000.000000,8,-2
201000.000000,9,-2
201000.000000,10,-2
201000.000000,11,-2
201000.000000,12,-2
201000.000000,13,-2
201600.000000,0,-2
201600.000000,1,-2
201600.000000,5,-2
201600.000000,6,-2
201600.000000,7,-2
201600.000000,8,-2
201600.000000,9,-2
201600.000000,10,-2
201600.000000,11,-2
201600.000000,12,-2
201600.000000,13,-2
202200.000000,0,-2
202200.000000,1,-2
202200.000000,5,-2
202200.000000,6,-2
202200.000000,7,-2
202200.000000,8,-2
202200.000000,9,-2
202200.000000,10,-2
202200.000000,11,-2
202200.000000,12,-2
202200.000000,13,-2
202800.000000,0,-2
202800.000000,1,-2
202800.000000,5,-2
202800.000000,6,-2
202800.000000,7,-2
202800.000000,8,-2
202800.000000,9,-2
202800.000000,10,-2
202800.000000,11,-2
202800.000000,12,-2
202800.000000,13,-2
203400.000000,0,-2
203400.000000,1,-2
203400.000000,5,-2
203400.000000,6,-2
203400.000000,7,-2
203400.000000,8,-2
203400.000000,9,-2
203400.000000,10,-2
203400.000000,11,-2
203400.000000,12,-2
203400.000000,13,-2
204000.000000,0,-2
204000.000000,1,-2
204000.000000,5,-2
204000.000000,6,-2
204000.000000,7,-2
204000.000000,8,-2
204000.000000,9,-2
204000.000000,10,-2
204000.000000,11,-2
204000.000000,12,-2
204000.000000,13,-2
204600.000000,0,-2
204600.000000,1,-2
204600.000000,5,-2
204600.000000,6,-2
204600.000000,7,-2
204600.000000,8,-2
204600.000000,9,-2
204600.000000,10,-2
204600.000000,11,-2
204600.000000,12,-2
204600.000000,13,-2
205200.000000,0,-2
205200.000000,1,-2
205200.000000,5,-2
205200.000000,6,-2
205200.000000,7,-2
205200.000000,8,-2
205200.000000,9,-2
205200.000000,10,-2
205200.000000,11,-2
205200.000000,12,-2
205200.000000,13,-2
205800.000000,0,-2
205800.000000,1,-2
205800.000000,5,-2
205800.000000,6,-2
205800.000000,7,-2
205800.000000,8,-2
205800.000000,9,-2
205800.000000,10,-2
205800.000000,11,-2
205800.000000,12,-2
205800.000000,13,-2
206400.000000,0,-2
206400.000000,1,-2
206400.000000,5,-2
206400.000000,6,-2
206400.000000,7,-2
206400.000000,8,-2
206400.000000,9,-2
206400.000000,10,-2
206400.000000,11,-2
206400.000000,12,-2
206400.000000,13,-2
207000.000000,0,-2
207000.000000,1,-2
207000.000000,5,-2
207000.000000,6,-2
207000.000000,7,-2
207000.000000,8,-2
207000.000000,9,-2
207000.000000,10,-2
207000.000000,11,-2
207000.000000,12,-2
207000.000000,13,-2
207600.000000,0,-2
207600.000000,1,-2
207600.000000,5,-2
207600.000000,6,-2
207600.000000,7,-2
207600.000000,8,-2
207600.000000,9,-2
207600.000000,10,-2
207600.000000,11,-2
207600.000000,12,-2
207600.000000,13,-2
208200.000000,0,-2
208200.000000,1,-2
208200.000000,5,-2
208200.000000,6,-2
208200.000000,7,-2
208200.000000,8,-2
208200.000000,9,-2
208200.000000,10,-2
208200.000000,11,-2
208200.000000,12,-2
208200.000000,13,-2
208800.000000,0,-2
208800.000000,1,-2
208800.000000,5,-2
208800.000000,6,-2
208800.000000,7,-2
208800.000000,8,-2
208800.000000,9,-2
208800.000000,10,-2
208800.000000,11,-2
208800.000000,12,-2
208800.000000,13,-2
209400.000000,0,-2
209400.000000,1,-2
209400.000000,5,-2
209400.000000,6,-2
209400.000000,7,-2
209400.000000,8,-2
209400.000000,9,-2
209400.000000,10,-2
209400.000000,11,-2
209400.000000,12,-2
209400.000000,13,-2
210000.000000,0,-2
210000.000000,1,-2
210000.000000,5,-2
210000.000000,6,-2
210000.000000,7,-2
210000.000000,8,-2
210000.000000,9,-2
210000.000000,10,-2
210000.000000,11,-2
210000.000000,12,-2
210000.000000,13,-2
210600.000000,0,-2
210600.000000,1,-2
210600.000000,5,-2
210600.000000,6,-2
210600.000000,7,-2
210600.000000,8,-2
210600.000000,9,-2
210600.000000,10,-2
210600.000000,11,-2
210600.000000,12,-2
210600.000000,13,-2
211200.000000,0,-2
211200.000000,1,-2
211200.000000,5,-2
211200.000000,6,-2
211200.000000,7,-2
211200.000000,8,-2
211200.000000,9,-2
211200.000000,10,-2
211200.000000,11,-2
211200.000000,12,-2
211200.000000,13,-2
211800.000000,0,-2
211800.000000,1,-2
211800.000000,5,-2
211800.000000,6,-2
211800.000000,7,-2
211800.000000,8,-2
211800.000000,9,-2
211800.000000,10,-2
211800.000000,11,-2
211800.000000,12,-2
211800.000000,13,-2
212400.000000,0,-2
212400.000000,1,-2
212400.000000,5,-2
212400.000000,6,-2
212400.000000,7,-2
212400.000000,8,-2
212400.000000,9,-2
212400.000000,10,-2
212400.000000,11,-2
212400.000000,12,-2
212400.000000,13,-2
213000.000000,0,-2
213000.000000,1,-2
213000.000000,5,-2
213000.000000,6,-2
213000.000000,7,-2
213000.000000,8,-2
213000.000000,9,-2
213000.000000,10,-2
213000.000000,11,-2
213000.000000,12,-2
213000.000000,13,-2
213600.000000,0,-2
213600.000000,1,-2
213600.000000,5,-2
213600.000000,6,-2
213600.000000,7,-2
213600.000000,8,-2
213600.000000,9,-2
213600.000000,10,-2
213600.000000,11,-2
213600.000000,12,-2
213600.000000,13,-2
214200.000000,0,-2
214200.000000,1,-2
214200.000000,5,-2
214200.000000,6,-2
214200.000000,7,-2
214200.000000,8,-2
214200.000000,9,-2
214200.000000,10,-2
214200.000000,11,-2
214200.000000,12,-2
214200.000000,13,-2
214800.000000,0,-2
214800.000000,1,-2
214800.000000,5,-2
214800.000000,6,-2
214800.000000,7,-2
214800.000000,8,-2
214800.000000,9,-2
214800.000000,10,-2
214800.000000,11,-2
214800.000000,12,-2
214800.000000,13,-2
215400.000000,0,-2
215400.000000,1,-2
215400.000000,5,-2
215400.000000,6,-2
215400.000000,7,-2
215400.000000,8,-2
215400.000000,9,-2
215400.000000,10,-2
215400.000000,11,-2
215400.000000,12,-2
215400.000000,13,-2
216000.000000,0,-2
216000.000000,1,-2
216000.000000,5,-2
216000.000000,6,-2
216000.000000,7,-2
216000.000000,8,-2
216000.000000,9,-2
216000.000000,10,-2
216000.000000,11,-2
216000.000000,12,-2
216000.000000,13,-2
216600.000000,0,-2
216600.000000,1,-2
216600.000000,5,-2
216600.000000,6,-2
216600.000000,7,-2
216600.000000,8,-2
216600.000000,9,-2
216600.000000,10,-2
216600.000000,11,-2
216600.000000,12,-2
216600.000000,13,-2
217200.000000,0,-2
217200.000000,1,-2
217200.000000,5,-2
217200.000000,6,-2
217200.000000,7,-2
217200.000000,8,-2
217200.000000,9,-2
217200.000000,10,-2
217200.000000,11,-2
217200.000000,12,-2
217200.000000,13,-2
217800.000000,0,-2
217800.000000,1,-2
217800.000000,5,-2
217800.000000,6,-2
217800.000000,7,-2
217800.000000,8,-2
217800.000000,9,-2
217800.000000,10,-2
217800.000000,11,-2
217800.000000,12,-2
217800.000000,13,-2
218400.000000,0,-2
218400.000000,1,-2
218400.000000,5,-2
218400.000000,6,-2
218400.000000,7,-2
218400.000000,8,-2
218400.000000,9,-2
218400.000000,10,-2
218400.000000,11,-2
218400.000000,12,-2
218400.000000,13,-2
219000.000000,0,-2
219000.000000,1,-2
219000.000000,5,-2
219000.000000,6,-2
219000.000000,7,-2
219000.000000,8,-2
219000.000000,9,-2
219000.000000,10,-2
219000.000000,11,-2
219000.000000,12,-2
219000.000000,13,-2
219600.000000,0,-2
219600.000000,1,-2
219600.000000,5,-2
219600.000000,6,-2
219600.000000,7,-2
219600.000000,8,-2
219600.000000,9,-2
219600.000000,10,-2
219600.000000,11,-2
219600.000000,12,-2
219600.000000,13,-2
220200.000000,0,-2
220200.000000,1,-2
220200.000000,5,-2
220200.000000,6,-2
220200.000000,7,-2
220200.000000,8,-2
220200.000000,9,-2
220200.000000,10,-2
220200.000000,11,-2
220200.000000,12,-2
220200.000000,13,-2
220800.000000,0,-2
220800.000000,1,-2
220800.000000,5,-2
220800.000000,6,-2
220800.000000,7,-2
220800.000000,8,-2
220800.000000,9,-2
220800.000000,10,-2
220800.000000,11,-2
220800.000000,12,-2
220800.000000,13,-2
221400.000000,0,-2
221400.000000,1,-2
221400.000000,5,-2
221400.000000,6,-2
221400.000000,7,-2
221400.000000,8,-2
221400.000000,9,-2
221400.000000,10,-2
221400.000000,11,-2
221400.000000,12,-2
221400.000000,13,-2
222000.000000,0,-2
222000.000000,1,-2
222000.000000,5,-2
222000.000000,6,-2
222000.000000,7,-2
222000.000000,8,-2
222000.000000,9,-2
222000.000000,10,-2
222000.000000,11,-2
222000.000000,12,-2
222000.000000,13,-2
222600.000000,0,-2
222600.000000,1,-2
222600.000000,5,-2
222600.000000,6,-2
222600.000000,7,-2
222600.000000,8,-2
222600.000000,9,-2
222600.000000,10,-2
222600.000000,11,-2
222600.000000,12,-2
222600.000000,13,-2
223200.000000,0,-2
223200.000000,1,-2
223200.000000,5,-2
223200.000000,6,-2
223200.000000,7,-2
223200.000000,8,-2
223200.000000,9,-2
223200.000000,10,-2
223200.000000,11,-2
223200.000000,12,-2
223200.000000,13,-2
223800.000000,0,-2
223800.000000,1,-2
223800.000000,5,-2
223800.000000,6,-2
223800.000000,7,-2
223800.000000,8,-2
223800.000000,9,-2
223800.000000,10,-2
223800.000000,11,-2
223800.000000,12,-2
223800.000000,13,-2
224400.000000,0,-2
224400.000000,1,-2
224400.000000,5,-2
224400.000000,6,-2
224400.000000,7,-2
224400.000000,8,-2
224400.000000,9,-2
224400.000000,10,-2
224400.000000,11,-2
224400.000000,12,-2
224400.000000,13,-2
225000.000000,0,-2
225000.000000,1,-2
225000.000000,5,-2
225000.000000,6,-2
225000.000000,7,-2
225000.000000,8,-2
225000.000000,9,-2
225000.000000,10,-2
225000.000000,11,-2
225000.000000,12,-2
225000.000000,13,-2
225600.000000,0,-2
225600.000000,1,-2
225600.000000,5,-2
225600.000000,6,-2
225600.000000,7,-2
225600.000000,8,-2
225600.000000,9,-2
225600.000000,10,-2
225600.000000,11,-2
225600.000000,12,-2
225600.000000,13,-2
226200.000000,0,-2
226200.000000,1,-2
226200.000000,5,-2
226200.000000,6,-2
226200.000000,7,-2
226200.000000,8,-2
226200.000000,9,-2
226200.000000,10,-2
226200.000000,11,-2
226200.000000,12,-2
226200.000000,13,-2
226800.000000,0,-2
226800.000000,1,-2
226800.000000,5,-2
226800.000000,6,-2
226800.000000,7,-2
226800.000000,8,-2
226800.000000,9,-2
226800.000000,10,-2
226800.000000,11,-2
226800.000000,12,-2
226800.000000,13,-2
227400.000000,0,-2
227400.000000,1,-2
227400.000000,5,-2
227400.000000,6,-2
227400.000000,7,-2
227400.000000,8,-2
227400.000000,9,-2
227400.000000,10,-2
227400.000000,11,-2
227400.000000,12,-2
227400.000000,13,-2
228000.000000,0,-2
228000.000000,1,-2
228000.000000,5,-2
228000.000000,6,-2
228000.000000,7,-2
228000.000000,8,-2
228000.000000,9,-2
228000.000000,10,-2
228000.000000,11,-2
228000.000000,12,-2
228000.000000,13,-2
228600.000000,0,-2
228600.000000,1,-2
228600.000000,5,-2
228600.000000,6,-2
228600.000000,7,-2
228600.000000,8,-2
228600.000000,9,-2
228600.000000,10,-2
228600.000000,11,-2
228600.000000,12,-2
228600.000000,13,-2
229200.000000,0,-2
229200.000000,1,-2
229200.000000,5,-2
229200.000000,6,-2
229200.000000,7,-2
229200.000000,8,-2
229200.000000,9,-2
229200.000000,10,-2
229200.000000,11,-2
229200.000000,12,-2
229200.000000,13,-2
229800.000000,0,-2
229800.000000,1,-2
229800.000000,5,-2
229800.000000,6,-2
229800.000000,7,-2
229800.000000,8,-2
229800.000000,9,-2
229800.000000,10,-2
229800.000000,11,-2
229800.000000,12,-2
229800.000000,13,-2
230400.000000,0,-2
230400.000000,1,-2
230400.000000,5,-2
230400.000000,6,-2
230400.000000,7,-2
230400.000000,8,-2
230400.000000,9,-2
230400.000000,10,-2
230400.000000,11,-2
230400.000000,12,-2
230400.000000,13,-2
231000.000000,0,-2
231000.000000,1,-2
231000.000000,5,-2
231000.000000,6,-2
231000.000000,7,-2
231000.000000,8,-2
231000.000000,9,-2
231000.000000,10,-2
231000.000000,11,-2
231000.000000,12,-2
231000.000000,13,-2
231600.000000,0,-2
231600.000000,1,-2
231600.000000,5,-2
231600.000000,6,-2
231600.000000,7,-2
231600.000000,8,-2
231600.000000,9,-2
231600.000000,10,-2
231600.000000,11,-2
231600.000000,12,-2
231600.000000,13,-2
232200.000000,0,-2
232200.000000,1,-2
232200.000000,5,-2
232200.000000,6,-2
232200.000000,7,-2
232200.000000,8,-2
232200.000000,9,-2
232200.000000,10,-2
232200.000000,11,-2
232200.000000,12,-2
232200.000000,13,-2
232800.000000,0,-2
232800.000000,1,-2
232800.000000,5,-2
232800.000000,6,-2
232800.000000,7,-2
232800.000000,8,-2
232800.000000,9,-2
232800.000000,10,-2
232800.000000,11,-2
232800.000000,12,-2
232800.000000,13,-2
233400.000000,0,-2
233400.000000,1,-2
233400.000000,5,-2
233400.000000,6,-2
233400.000000,7,-2
233400.000000,8,-2
233400.000000,9,-2
233400.000000,10,-2
233400.000000,11,-2
233400.000000,12,-2
233400.000000,13,-2
234000.000000,0,-2
234000.000000,1,-2
234000.000000,5,-2
234000.000000,6,-2
234000.000000,7,-2
234000.000000,8,-2
234000.000000,9,-2
234000.000000,10,-2
234000.000000,11,-2
234000.000000,12,-2
234000.000000,13,-2
234600.000000,0,-2
234600.000000,1,-2
234600.000000,5,-2
234600.000000,6,-2
234600.000000,7,-2
234600.000000,8,-2
234600.000000,9,-2
234600.000000,10,-2
234600.000000,11,-2
234600.000000,12,-2
234600.000000,13,-2
235200.000000,0,-2
235200.000000,1,-2
235200.000000,5,-2
235200.000000,6,-2
235200.000000,7,-2
235200.000000,8,-2
235200.000000,9,-2
235200.000000,10,-2
235200.000000,11,-2
235200.000000,12,-2
235200.000000,13,-2
235800.000000,0,-2
235800.000000,1,-2
235800.000000,5,-2
235800.000000,6,-2
235800.000000,7,-2
235800.000000,8,-2
235800.000000,9,-2
235800.000000,10,-2
235800.000000,11,-2
235800.000000,12,-2
235800.000000,13,-2
236400.000000,0,-2
236400.000000,1,-2
236400.000000,5,-2
236400.000000,6,-2
236400.000000,7,-2
236400.000000,8,-2
236400.000000,9,-2
236400.000000,10,-2
236400.000000,11,-2
236400.000000,12,-2
236400.000000,13,-2
237000.000000,0,-2
237000.000000,1,-2
237000.000000,5,-2
237000.000000,6,-2
237000.000000,7,-2
237000.000000,8,-2
237000.000000,9,-2
237000.000000,10,-2
237000.000000,11,-2
237000.000000,12,-2
237000.000000,13,-2
237600.000000,0,-2
237600.000000,1,-2
237600.000000,5,-2
237600.000000,6,-2
237600.000000,7,-2
237600.000000,8,-2
237600.000000,9,-2
237600.000000,10,-2
237600.000000,11,-2
237600.000000,12,-2
237600.000000,13,-2
238200.000000,0,-2
238200.000000,1,-2
238200.000000,5,-2
238200.000000,6,-2
238200.000000,7,-2
238200.000000,8,-2
238200.000000,9,-2
238200.000000,10,-2
238200.000000,11,-2
238200.000000,12,-2
238200.000000,13,-2
238800.000000,0,-2
238800.000000,1,-2
238800.000000,5,-2
238800.000000,6,-2
238800.000000,7,-2
238800.000000,8,-2
238800.000000,9,-2
238800.000000,10,-2
238800.000000,11,-2
238800.000000,12,-2
238800.000000,13,-2
239400.000000,0,-2
239400.000000,1,-2
239400.000000,5,-2
239400.000000,6,-2
239400.000000,7,-2
239400.000000,8,-2
239400.000000,9,-2
239400.000000,10,-2
239400.000000,11,-2
239400.000000,12,-2
239400.000000,13,-2
240000.000000,0,-2
240000.000000,1,-2
240000.000000,5,-2
240000.000000,6,-2
240000.000000,7,-2
240000.000000,8,-2
240000.000000,9,-2
240000.000000,10,-2
240000.000000,11,-2
240000.000000,12,-2
240000.000000,13,-2
240600.000000,0,-2
240600.000000,1,-2
240600.000000,5,-2
240600.000000,6,-2
240600.000000,7,-2
240600.000000,8,-2
240600.000000,9,-2
240600.000000,10,-2
240600.000000,11,-2
240600.000000,12,-2
240600.000000,13,-2
241200.000000,0,-2
241200.000000,1,-2
241200.000000,5,-2
241200.000000,6,-2
241200.000000,7,-2
241200.000000,8,-2
241200.000000,9,-2
241200.000000,10,-2
241200.000000,11,-2
241200.000000,12,-2
241200.000000,13,-2
241800.000000,0,-2
241800.000000,1,-2
241800.000000,5,-2
241800.000000,6,-2
241800.000000,7,-2
241800.000000,8,-2
241800.000000,9,-2
241800.000000,10,-2
241800.000000,11,-2
241800.000000,12,-2
241800.000000,13,-2
242400.000000,0,-2
242400.000000,1,-2
242400.000000,5,-2
242400.000000,6,-2
242400.000000,7,-2
242400.000000,8,-2
242400.000000,9,-2
242400.000000,10,-2
242400.000000,11,-2
242400.000000,12,-2
242400.000000,13,-2
243000.000000,0,-2
243000.000000,1,-2
243000.000000,5,-2
243000.000000,6,-2
243000.000000,7,-2
243000.000000,8,-2
243000.000000,9,-2
243000.000000,10,-2
243000.000000,11,-2
243000.000000,12,-2
243000.000000,13,-2
243600.000000,0,-2
243600.000000,1,-2
243600.000000,5,-2
243600.000000,6,-2
243600.000000,7,-2
243600.000000,8,-2
243600.000000,9,-2
243600.000000,10,-2
243600.000000,11,-2
243600.000000,12,-2
243600.000000,13,-2
244200.000000,0,-2
244200.000000,1,-2
244200.000000,5,-2
244200.000000,6,-2
244200.000000,7,-2
244200.000000,8,-2
244200.000000,9,-2
244200.000000,10,-2
244200.000000,11,-2
244200.000000,12,-2
244200.000000,13,-2
244800.000000,0,-2
244800.000000,1,-2
244800.000000,5,-2
244800.000000,6,-2
244800.000000,7,-2
244800.000000,8,-2
244800.000000,9,-2
244800.000000,10,-2
244800.000000,11,-2
244800.000000,12,-2
244800.000000,13,-2
245400.000000,0,-2
245400.000000,1,-2
245400.000000,5,-2
245400.000000,6,-2
245400.000000,7,-2
245400.000000,8,-2
245400.000000,9,-2
245400.000000,10,-2
245400.000000,11,-2
245400.000000,12,-2
245400.000000,13,-2
246000.000000,0,-2
246000.000000,1,-2
246000.000000,5,-2
246000.000000,6,-2
246000.000000,7,-2
246000.000000,8,-2
246000.000000,9,-2
246000.000000,10,-2
246000.000000,11,-2
246000.000000,12,-2
246000.000000,13,-2
246600.000000,0,-2
246600.000000,1,-2
246600.000000,5,-2
246600.000000,6,-2
246600.000000,7,-2
246600.000000,8,-2
246600.000000,9,-2
246600.000000,10,-2
246600.000000,11,-2
246600.000000,12,-2
246600.000000,13,-2
247200.000000,0,-2
247200.000000,1,-2
247200.000000,5,-2
247200.000000,6,-2
247200.000000,7,-2
247200.000000,8,-2
247200.000000,9,-2
247200.000000,10,-2
247200.000000,11,-2
247200.000000,12,-2
247200.000000,13,-2
247800.000000,0,-2
247800.000000,1,-2
247800.000000,5,-2
247800.000000,6,-2
247800.000000,7,-2
247800.000000,8,-2
247800.000000,9,-2
247800.000000,10,-2
247800.000000,11,-2
247800.000000,12,-2
247800.000000,13,-2
248400.000000,0,-2
248400.000000,1,-2
248400.000000,5,-2
248400.000000,6,-2
248400.000000,7,-2
248400.000000,8,-2
248400.000000,9,-2
248400.000000,10,-2
248400.000000,11,-2
248400.000000,12,-2
248400.000000,13,-2
249000.000000,0,-2
249000.000000,1,-2
249000.000000,5,-2
249000.000000,6,-2
249000.000000,7,-2
249000.000000,8,-2
249000.000000,9,-2
249000.000000,10,-2
249000.000000,11,-2
249000.000000,12,-2
249000.000000,13,-2
249600.000000,0,-2
249600.000000,1,-2
249600.000000,5,-2
249600.000000,6,-2
249600.000000,7,-2
249600.000000,8,-2
249600.000000,9,-2
249600.000000,10,-2
249600.000000,11,-2
249600.000000,12,-2
249600.000000,13,-2
250200.000000,0,-2
250200.000000,1,-2
250200.000000,5,-2
250200.000000,6,-2
250200.000000,7,-2
250200.000000,8,-2
250200.000000,9,-2
250200.000000,10,-2
250200.000000,11,-2
250200.000000,12,-2
250200.000000,13,-2
250800.000000,0,-2
250800.000000,1,-2
250800.000000,5,-2
250800.000000,6,-2
250800.000000,7,-2
250800.000000,8,-2
250800.000000,9,-2
250800.000000,10,-2
250800.000000,11,-2
250800.000000,12,-2
250800.000000,13,-2
251400.000000,0,-2
251400.000000,1,-2
251400.000000,5,-2
251400.000000,6,-2
251400.000000,7,-2
251400.000000,8,-2
251400.000000,9,-2
251400.000000,10,-2
251400.000000,11,-2
251400.000000,12,-2
251400.000000,13,-2
252000.000000,0,-2
252000.000000,1,-2
252000.000000,5,-2
252000.000000,6,-2
252000.000000,7,-2
252000.000000,8,-2
252000.000000,9,-2
252000.000000,10,-2
252000.000000,11,-2
252000.000000,12,-2
252000.000000,13,-2
252600.000000,0,-2
252600.000000,1,-2
252600.000000,5,-2
252600.000000,6,-2
252600.000000,7,-2
252600.000000,8,-2
252600.000000,9,-2
252600.000000,10,-2
252600.000000,11,-2
252600.000000,12,-2
252600.000000,13,-2
253200.000000,0,-2
253200.000000,1,-2
253200.000000,5,-2
253200.000000,6,-2
253200.000000,7,-2
253200.000000,8,-2
253200.000000,9,-2
253200.000000,10,-2
253200.000000,11,-2
253200.000000,12,-2
253200.000000,13,-2
253800.000000,0,-2
253800.000000,1,-2
253800.000000,5,-2
253800.000000,6,-2
253800.000000,7,-2
253800.000000,8,-2
253800.000000,9,-2
253800.000000,10,-2
253800.000000,11,-2
253800.000000,12,-2
253800.000000,13,-2
254400.000000,0,-2
254400.000000,1,-2
254400.000000,5,-2
254400.000000,6,-2
254400.000000,7,-2
254400.000000,8,-2
254400.000000,9,-2
254400.000000,10,-2
254400.000000,11,-2
254400.000000,12,-2
254400.000000,13,-2
255000.000000,0,-2
255000.000000,1,-2
255000.000000,5,-2
255000.000000,6,-2
255000.000000,7,-2
255000.000000,8,-2
255000.000000,9,-2
255000.000000,10,-2
255000.000000,11,-2
255000.000000,12,-2
255000.000000,13,-2
255600.000000,0,-2
255600.000000,1,-2
255600.000000,5,-2
255600.000000,6,-2
255600.000000,7,-2
255600.000000,8,-2
255600.000000,9,-2
255600.000000,10,-2
255600.000000,11,-2
255600.000000,12,-2
255600.000000,13,-2
256200.000000,0,-2
256200.000000,1,-2
256200.000000,5,-2
256200.000000,6,-2
256200.000000,7,-2
256200.000000,8,-2
256200.000000,9,-2
256200.000000,10,-2
256200.000000,11,-2
256200.000000,12,-2
256200.000000,13,-2
