0,1.000000,66.600000,1,-2
1,1.000000,66.600000,1,-2
2,1.000000,3.389567,1,-2
3,1.000000,3.202885,1,-2
4,1.000000,3.403471,1,-2
5,1.000000,3.376594,1,-2
6,1.000000,3.357313,1,-2
7,1.000000,3.211237,1,-2
8,1.000000,3.342445,1,-2
9,1.000000,3.478075,1,-2
10,1.000000,3.416119,1,-2
11,1.000000,3.337275,1,-2
12,1.000000,3.198767,1,-2
13,1.000000,3.301582,1,-2
0,1200.100000,66.234908,2,-2
1,1200.100000,66.417438,2,-2
2,1200.100000,3.102169,2,-2
3,1200.100000,2.915520,2,-2
4,1200.100000,2.966411,2,-2
5,1200.100000,3.038116,2,-2
6,1200.100000,3.135640,2,-2
7,1200.100000,2.989597,2,-2
8,1200.100000,3.120805,2,-2
9,1200.100000,3.406097,2,-2
10,1200.100000,3.344142,2,-2
11,1200.100000,3.265298,2,-2
12,1200.100000,3.126822,2,-2
13,1200.100000,3.229637,2,-2
0,1800.100000,66.118070,3,-2
1,1800.100000,66.052565,3,-2
2,1800.100000,2.468342,3,-2
3,1800.100000,2.843575,3,-2
4,1800.100000,2.894466,3,-2
5,1800.100000,2.685104,3,-2
6,1800.100000,2.665823,3,-2
7,1800.100000,2.917554,3,-2
8,1800.100000,3.048763,3,-2
9,1800.100000,3.118732,3,-2
10,1800.100000,3.272164,3,-2
11,1800.100000,2.977933,3,-2
12,1800.100000,2.905182,3,-2
13,1800.100000,3.007997,3,-2
0,2400.100000,65.687912,4,-2
1,2400.100000,65.870002,4,-2
2,2400.100000,2.396364,4,-2
3,2400.100000,2.294410,4,-2
4,2400.100000,2.607101,4,-2
5,2400.100000,2.397641,4,-2
6,2400.100000,2.593715,4,-2
7,2400.100000,2.433674,4,-2
8,2400.100000,2.710318,4,-2
9,2400.100000,2.765720,4,-2
10,2400.100000,3.050492,4,-2
11,2400.100000,2.905988,4,-2
12,2400.100000,2.486697,4,-2
13,2400.100000,2.936052,4,-2
0,3000.100000,65.571075,5,-2
1,3000.100000,65.570635,5,-2
2,3000.100000,2.324387,5,-2
3,3000.100000,2.222465,5,-2
4,3000.100000,2.202931,5,-2
5,3000.100000,2.044564,5,-2
6,3000.100000,2.521738,5,-2
7,3000.100000,2.361632,5,-2
8,3000.100000,2.207973,5,-2
9,3000.100000,2.478355,5,-2
10,3000.100000,2.631974,5,-2
11,3000.100000,2.422075,5,-2
12,3000.100000,2.265057,5,-2
13,3000.100000,2.864107,5,-2
0,3600.100000,65.205982,6,-2
1,3600.100000,65.388072,6,-2
2,3600.100000,1.920184,6,-2
3,3600.100000,1.935100,6,-2
4,3600.100000,1.915566,6,-2
5,3600.100000,1.972586,6,-2
6,3600.100000,2.183260,6,-2
7,3600.100000,2.023187,6,-2
8,3600.100000,1.986333,6,-2
9,3600.100000,2.406377,6,-2
10,3600.100000,2.559997,6,-2
11,3600.100000,2.350098,6,-2
12,3600.100000,2.193112,6,-2
13,3600.100000,2.792162,6,-2
0,4200.100000,65.023420,7,-2
1,4200.100000,65.023200,7,-2
2,4200.100000,1.501667,7,-2
3,4200.100000,1.530930,7,-2
4,4200.100000,1.843621,7,-2
5,4200.100000,1.900609,7,-2
6,4200.100000,1.713443,7,-2
7,4200.100000,1.684742,7,-2
8,4200.100000,1.914290,7,-2
9,4200.100000,2.334400,7,-2
10,4200.100000,2.488019,7,-2
11,4200.100000,2.062733,7,-2
12,4200.100000,2.121167,7,-2
13,4200.100000,2.570522,7,-2
0,4800.100000,64.691272,8,-2
1,4800.100000,64.840637,8,-2
2,4800.100000,1.429689,8,-2
3,4800.100000,1.177950,8,-2
4,4800.100000,1.556256,8,-2
5,4800.100000,1.463516,8,-2
6,4800.100000,1.641335,8,-2
7,4800.100000,1.612732,8,-2
8,4800.100000,1.575845,8,-2
9,4800.100000,1.995955,8,-2
10,4800.100000,2.266379,8,-2
11,4800.100000,1.990788,8,-2
12,4800.100000,2.049222,8,-2
13,4800.100000,2.498577,8,-2
0,5400.100000,64.508710,9,-2
1,5400.100000,64.541270,9,-2
2,5400.100000,1.357712,9,-2
3,5400.100000,0.890585,9,-2
4,5400.100000,1.053581,9,-2
5,5400.100000,1.391409,9,-2
6,5400.100000,1.288323,9,-2
7,5400.100000,1.274287,9,-2
8,5400.100000,1.354205,9,-2
9,5400.100000,1.924010,9,-2
10,5400.100000,2.044707,9,-2
11,5400.100000,1.703390,9,-2
12,5400.100000,1.977277,9,-2
13,5400.100000,2.426632,9,-2
0,6000.100000,64.326148,10,-2
1,6000.100000,64.110672,10,-2
2,6000.100000,1.070314,10,-2
3,6000.100000,0.603220,10,-2
4,6000.100000,0.635096,10,-2
5,6000.100000,1.052931,10,-2
6,6000.100000,1.216215,10,-2
7,6000.100000,1.052647,10,-2
8,6000.100000,1.001225,10,-2
9,6000.100000,1.852032,10,-2
10,6000.100000,1.972762,10,-2
11,6000.100000,1.481685,10,-2
12,6000.100000,1.905332,10,-2
13,6000.100000,2.139267,10,-2
0,6600.100000,63.961275,11,-2
1,6600.100000,63.993835,11,-2
2,6600.100000,0.651797,11,-2
3,6600.100000,0.531275,11,-2
4,6600.100000,0.563151,11,-2
5,6600.100000,0.699854,11,-2
6,6600.100000,0.863203,11,-2
7,6600.100000,0.980604,11,-2
8,6600.100000,0.929183,11,-2
9,6600.100000,1.564667,11,-2
10,6600.100000,1.554244,11,-2
11,6600.100000,0.946285,11,-2
12,6600.100000,1.683692,11,-2
13,6600.100000,1.917627,11,-2
0,7200.100000,63.713207,12,-2
1,7200.100000,63.628962,12,-2
2,7200.100000,0.579819,12,-2
3,7200.100000,0.112790,12,-2
4,7200.100000,0.144666,12,-2
5,7200.100000,0.627811,12,-2
6,7200.100000,0.791160,12,-2
7,7200.100000,0.627624,12,-2
8,7200.100000,0.576203,12,-2
9,7200.100000,1.342995,12,-2
10,7200.100000,1.482299,12,-2
11,7200.100000,0.607808,12,-2
12,7200.100000,1.396327,12,-2
13,7200.100000,1.630262,12,-2
0,7800.100000,63.369085,13,-2
1,7800.100000,63.512125,13,-2
3,7800.100000,0.040845,13,-2
4,7800.100000,0.072721,13,-2
5,7800.100000,0.289081,13,-2
6,7800.100000,0.335625,13,-2
7,7800.100000,0.555582,13,-2
8,7800.100000,0.504160,13,-2
9,7800.100000,1.055630,13,-2
10,7800.100000,1.410322,13,-2
11,7800.100000,0.320443,13,-2
12,7800.100000,1.174687,13,-2
13,7800.100000,1.408622,13,-2
0,8400.100000,63.344702,14,-2
1,8400.100000,63.481757,14,-2
5,8400.100000,0.281359,14,-2
6,8400.100000,0.201168,14,-2
7,8400.100000,0.520339,14,-2
8,8400.100000,0.447293,14,-2
9,8400.100000,1.032485,14,-2
10,8400.100000,1.338377,14,-2
11,8400.100000,0.308258,14,-2
12,8400.100000,1.145345,14,-2
13,8400.100000,1.396470,14,-2
0,9000.100000,63.344670,15,-2
1,9000.100000,63.481725,15,-2
5,9000.100000,0.281359,15,-2
6,9000.100000,0.201168,15,-2
7,9000.100000,0.520339,15,-2
8,9000.100000,0.447293,15,-2
9,9000.100000,1.032485,15,-2
10,9000.100000,1.338377,15,-2
11,9000.100000,0.308258,15,-2
12,9000.100000,1.145345,15,-2
13,9000.100000,1.396470,15,-2
0,9600.100000,63.344637,16,-2
1,9600.100000,63.481692,16,-2
5,9600.100000,0.281359,16,-2
6,9600.100000,0.201168,16,-2
7,9600.100000,0.520339,16,-2
8,9600.100000,0.447293,16,-2
9,9600.100000,1.032485,16,-2
10,9600.100000,1.338377,16,-2
11,9600.100000,0.308258,16,-2
12,9600.100000,1.145345,16,-2
13,9600.100000,1.396470,16,-2
0,10200.100000,63.344605,17,-2
1,10200.100000,63.481660,17,-2
5,10200.100000,0.281359,17,-2
6,10200.100000,0.201168,17,-2
7,10200.100000,0.520339,17,-2
8,10200.100000,0.447293,17,-2
9,10200.100000,1.032485,17,-2
10,10200.100000,1.338377,17,-2
11,10200.100000,0.308258,17,-2
12,10200.100000,1.145345,17,-2
13,10200.100000,1.396470,17,-2
0,10800.100000,63.344572,18,-2
1,10800.100000,63.481627,18,-2
5,10800.100000,0.281359,18,-2
6,10800.100000,0.201168,18,-2
7,10800.100000,0.520339,18,-2
8,10800.100000,0.447293,18,-2
9,10800.100000,1.032485,18,-2
10,10800.100000,1.338377,18,-2
11,10800.100000,0.308258,18,-2
12,10800.100000,1.145345,18,-2
13,10800.100000,1.396470,18,-2
0,11400.100000,63.344540,19,-2
1,11400.100000,63.481595,19,-2
5,11400.100000,0.281359,19,-2
6,11400.100000,0.201168,19,-2
7,11400.100000,0.520339,19,-2
8,11400.100000,0.447293,19,-2
9,11400.100000,1.032485,19,-2
10,11400.100000,1.338377,19,-2
11,11400.100000,0.308258,19,-2
12,11400.100000,1.145345,19,-2
13,11400.100000,1.396470,19,-2
0,12000.100000,63.344507,20,-2
1,12000.100000,63.481562,20,-2
5,12000.100000,0.281359,20,-2
6,12000.100000,0.201168,20,-2
7,12000.100000,0.520339,20,-2
8,12000.100000,0.447293,20,-2
9,12000.100000,1.032485,20,-2
10,12000.100000,1.338377,20,-2
11,12000.100000,0.308258,20,-2
12,12000.100000,1.145345,20,-2
13,12000.100000,1.396470,20,-2
0,12600.100000,63.344475,21,-2
1,12600.100000,63.481530,21,-2
5,12600.100000,0.281359,21,-2
6,12600.100000,0.201168,21,-2
7,12600.100000,0.520339,21,-2
8,12600.100000,0.447293,21,-2
9,12600.100000,1.032485,21,-2
10,12600.100000,1.338377,21,-2
11,12600.100000,0.308258,21,-2
12,12600.100000,1.145345,21,-2
13,12600.100000,1.396470,21,-2
0,13200.100000,63.344442,22,-2
1,13200.100000,63.481497,22,-2
5,13200.100000,0.281359,22,-2
6,13200.100000,0.201168,22,-2
7,13200.100000,0.520339,22,-2
8,13200.100000,0.447293,22,-2
9,13200.100000,1.032485,22,-2
10,13200.100000,1.338377,22,-2
11,13200.100000,0.308258,22,-2
12,13200.100000,1.145345,22,-2
13,13200.100000,1.396470,22,-2
0,13800.100000,63.344410,23,-2
1,13800.100000,63.481465,23,-2
5,13800.100000,0.281359,23,-2
6,13800.100000,0.201168,23,-2
7,13800.100000,0.520339,23,-2
8,13800.100000,0.447293,23,-2
9,13800.100000,1.032485,23,-2
10,13800.100000,1.338377,23,-2
11,13800.100000,0.308258,23,-2
12,13800.100000,1.145345,23,-2
13,13800.100000,1.396470,23,-2
0,14400.100000,63.344377,24,-2
1,14400.100000,63.481432,24,-2
5,14400.100000,0.281359,24,-2
6,14400.100000,0.201168,24,-2
7,14400.100000,0.520339,24,-2
8,14400.100000,0.447293,24,-2
9,14400.100000,1.032485,24,-2
10,14400.100000,1.338377,24,-2
11,14400.100000,0.308258,24,-2
12,14400.100000,1.145345,24,-2
13,14400.100000,1.396470,24,-2
0,15000.100000,63.344345,25,-2
1,15000.100000,63.481400,25,-2
5,15000.100000,0.281359,25,-2
6,15000.100000,0.201168,25,-2
7,15000.100000,0.520339,25,-2
8,15000.100000,0.447293,25,-2
9,15000.100000,1.032485,25,-2
10,15000.100000,1.338377,25,-2
11,15000.100000,0.308258,25,-2
12,15000.100000,1.145345,25,-2
13,15000.100000,1.396470,25,-2
0,15600.100000,63.344312,26,-2
1,15600.100000,63.481367,26,-2
5,15600.100000,0.281359,26,-2
6,15600.100000,0.201168,26,-2
7,15600.100000,0.520339,26,-2
8,15600.100000,0.447293,26,-2
9,15600.100000,1.032485,26,-2
10,15600.100000,1.338377,26,-2
11,15600.100000,0.308258,26,-2
12,15600.100000,1.145345,26,-2
13,15600.100000,1.396470,26,-2
0,16200.100000,63.344280,27,-2
1,16200.100000,63.481335,27,-2
5,16200.100000,0.281359,27,-2
6,16200.100000,0.201168,27,-2
7,16200.100000,0.520339,27,-2
8,16200.100000,0.447293,27,-2
9,16200.100000,1.032485,27,-2
10,16200.100000,1.338377,27,-2
11,16200.100000,0.308258,27,-2
12,16200.100000,1.145345,27,-2
13,16200.100000,1.396470,27,-2
0,16800.100000,63.344247,28,-2
1,16800.100000,63.481302,28,-2
5,16800.100000,0.281359,28,-2
6,16800.100000,0.201168,28,-2
7,16800.100000,0.520339,28,-2
8,16800.100000,0.447293,28,-2
9,16800.100000,1.032485,28,-2
10,16800.100000,1.338377,28,-2
11,16800.100000,0.308258,28,-2
12,16800.100000,1.145345,28,-2
13,16800.100000,1.396470,28,-2
0,17400.100000,63.344215,29,-2
1,17400.100000,63.481270,29,-2
5,17400.100000,0.281359,29,-2
6,17400.100000,0.201168,29,-2
7,17400.100000,0.520339,29,-2
8,17400.100000,0.447293,29,-2
9,17400.100000,1.032485,29,-2
10,17400.100000,1.338377,29,-2
11,17400.100000,0.308258,29,-2
12,17400.100000,1.145345,29,-2
13,17400.100000,1.396470,29,-2
0,18000.100000,63.344182,30,-2
1,18000.100000,63.481237,30,-2
5,18000.100000,0.281359,30,-2
6,18000.100000,0.201168,30,-2
7,18000.100000,0.520339,30,-2
8,18000.100000,0.447293,30,-2
9,18000.100000,1.032485,30,-2
10,18000.100000,1.338377,30,-2
11,18000.100000,0.308258,30,-2
12,18000.100000,1.145345,30,-2
13,18000.100000,1.396470,30,-2
0,18600.100000,63.344150,31,-2
1,18600.100000,63.481205,31,-2
5,18600.100000,0.281359,31,-2
6,18600.100000,0.201168,31,-2
7,18600.100000,0.520339,31,-2
8,18600.100000,0.447293,31,-2
9,18600.100000,1.032485,31,-2
10,18600.100000,1.338377,31,-2
11,18600.100000,0.308258,31,-2
12,18600.100000,1.145345,31,-2
13,18600.100000,1.396470,31,-2
0,19200.100000,63.344117,32,-2
1,19200.100000,63.481172,32,-2
5,19200.100000,0.281359,32,-2
6,19200.100000,0.201168,32,-2
7,19200.100000,0.520339,32,-2
8,19200.100000,0.447293,32,-2
9,19200.100000,1.032485,32,-2
10,19200.100000,1.338377,32,-2
11,19200.100000,0.308258,32,-2
12,19200.100000,1.145345,32,-2
13,19200.100000,1.396470,32,-2
0,19800.100000,63.344085,33,-2
1,19800.100000,63.481140,33,-2
5,19800.100000,0.281359,33,-2
6,19800.100000,0.201168,33,-2
7,19800.100000,0.520339,33,-2
8,19800.100000,0.447293,33,-2
9,19800.100000,1.032485,33,-2
10,19800.100000,1.338377,33,-2
11,19800.100000,0.308258,33,-2
12,19800.100000,1.145345,33,-2
13,19800.100000,1.396470,33,-2
0,20400.100000,63.344052,34,-2
1,20400.100000,63.481107,34,-2
5,20400.100000,0.281359,34,-2
6,20400.100000,0.201168,34,-2
7,20400.100000,0.520339,34,-2
8,20400.100000,0.447293,34,-2
9,20400.100000,1.032485,34,-2
10,20400.100000,1.338377,34,-2
11,20400.100000,0.308258,34,-2
12,20400.100000,1.145345,34,-2
13,20400.100000,1.396470,34,-2
0,21000.100000,63.344020,35,-2
1,21000.100000,63.481075,35,-2
5,21000.100000,0.281359,35,-2
6,21000.100000,0.201168,35,-2
7,21000.100000,0.520339,35,-2
8,21000.100000,0.447293,35,-2
9,21000.100000,1.032485,35,-2
10,21000.100000,1.338377,35,-2
11,21000.100000,0.308258,35,-2
12,21000.100000,1.145345,35,-2
13,21000.100000,1.396470,35,-2
0,21600.100000,63.343987,36,-2
1,21600.100000,63.481042,36,-2
5,21600.100000,0.281359,36,-2
6,21600.100000,0.201168,36,-2
7,21600.100000,0.520339,36,-2
8,21600.100000,0.447293,36,-2
9,21600.100000,1.032485,36,-2
10,21600.100000,1.338377,36,-2
11,21600.100000,0.308258,36,-2
12,21600.100000,1.145345,36,-2
13,21600.100000,1.396470,36,-2
0,22200.100000,63.343955,37,-2
1,22200.100000,63.481010,37,-2
5,22200.100000,0.281359,37,-2
6,22200.100000,0.201168,37,-2
7,22200.100000,0.520339,37,-2
8,22200.100000,0.447293,37,-2
9,22200.100000,1.032485,37,-2
10,22200.100000,1.338377,37,-2
11,22200.100000,0.308258,37,-2
12,22200.100000,1.145345,37,-2
13,22200.100000,1.396470,37,-2
0,22800.100000,63.343922,38,-2
1,22800.100000,63.480977,38,-2
5,22800.100000,0.281359,38,-2
6,22800.100000,0.201168,38,-2
7,22800.100000,0.520339,38,-2
8,22800.100000,0.447293,38,-2
9,22800.100000,1.032485,38,-2
10,22800.100000,1.338377,38,-2
11,22800.100000,0.308258,38,-2
12,22800.100000,1.145345,38,-2
13,22800.100000,1.396470,38,-2
0,23400.100000,63.343890,39,-2
1,23400.100000,63.480945,39,-2
5,23400.100000,0.281359,39,-2
6,23400.100000,0.201168,39,-2
7,23400.100000,0.520339,39,-2
8,23400.100000,0.447293,39,-2
9,23400.100000,1.032485,39,-2
10,23400.100000,1.338377,39,-2
11,23400.100000,0.308258,39,-2
12,23400.100000,1.145345,39,-2
13,23400.100000,1.396470,39,-2
0,24000.100000,63.343857,40,-2
1,24000.100000,63.480912,40,-2
5,24000.100000,0.281359,40,-2
6,24000.100000,0.201168,40,-2
7,24000.100000,0.520339,40,-2
8,24000.100000,0.447293,40,-2
9,24000.100000,1.032485,40,-2
10,24000.100000,1.338377,40,-2
11,24000.100000,0.308258,40,-2
12,24000.100000,1.145345,40,-2
13,24000.100000,1.396470,40,-2
0,24600.100000,63.343825,41,-2
1,24600.100000,63.480880,41,-2
5,24600.100000,0.281359,41,-2
6,24600.100000,0.201168,41,-2
7,24600.100000,0.520339,41,-2
8,24600.100000,0.447293,41,-2
9,24600.100000,1.032485,41,-2
10,24600.100000,1.338377,41,-2
11,24600.100000,0.308258,41,-2
12,24600.100000,1.145345,41,-2
13,24600.100000,1.396470,41,-2
0,25200.100000,63.343792,42,-2
1,25200.100000,63.480847,42,-2
5,25200.100000,0.281359,42,-2
6,25200.100000,0.201168,42,-2
7,25200.100000,0.520339,42,-2
8,25200.100000,0.447293,42,-2
9,25200.100000,1.032485,42,-2
10,25200.100000,1.338377,42,-2
11,25200.100000,0.308258,42,-2
12,25200.100000,1.145345,42,-2
13,25200.100000,1.396470,42,-2
0,25800.100000,63.343760,43,-2
1,25800.100000,63.480815,43,-2
5,25800.100000,0.281359,43,-2
6,25800.100000,0.201168,43,-2
7,25800.100000,0.520339,43,-2
8,25800.100000,0.447293,43,-2
9,25800.100000,1.032485,43,-2
10,25800.100000,1.338377,43,-2
11,25800.100000,0.308258,43,-2
12,25800.100000,1.145345,43,-2
13,25800.100000,1.396470,43,-2
0,26400.100000,63.343727,44,-2
1,26400.100000,63.480782,44,-2
5,26400.100000,0.281359,44,-2
6,26400.100000,0.201168,44,-2
7,26400.100000,0.520339,44,-2
8,26400.100000,0.447293,44,-2
9,26400.100000,1.032485,44,-2
10,26400.100000,1.338377,44,-2
11,26400.100000,0.308258,44,-2
12,26400.100000,1.145345,44,-2
13,26400.100000,1.396470,44,-2
0,27000.100000,63.343695,45,-2
1,27000.100000,63.480750,45,-2
5,27000.100000,0.281359,45,-2
6,27000.100000,0.201168,45,-2
7,27000.100000,0.520339,45,-2
8,27000.100000,0.447293,45,-2
9,27000.100000,1.032485,45,-2
10,27000.100000,1.338377,45,-2
11,27000.100000,0.308258,45,-2
12,27000.100000,1.145345,45,-2
13,27000.100000,1.396470,45,-2
0,27600.100000,63.343662,46,-2
1,27600.100000,63.480717,46,-2
5,27600.100000,0.281359,46,-2
6,27600.100000,0.201168,46,-2
7,27600.100000,0.520339,46,-2
8,27600.100000,0.447293,46,-2
9,27600.100000,1.032485,46,-2
10,27600.100000,1.338377,46,-2
11,27600.100000,0.308258,46,-2
12,27600.100000,1.145345,46,-2
13,27600.100000,1.396470,46,-2
0,28200.100000,63.343630,47,-2
1,28200.100000,63.480685,47,-2
5,28200.100000,0.281359,47,-2
6,28200.100000,0.201168,47,-2
7,28200.100000,0.520339,47,-2
8,28200.100000,0.447293,47,-2
9,28200.100000,1.032485,47,-2
10,28200.100000,1.338377,47,-2
11,28200.100000,0.308258,47,-2
12,28200.100000,1.145345,47,-2
13,28200.100000,1.396470,47,-2
0,28800.100000,63.343597,48,-2
1,28800.100000,63.480652,48,-2
5,28800.100000,0.281359,48,-2
6,28800.100000,0.201168,48,-2
7,28800.100000,0.520339,48,-2
8,28800.100000,0.447293,48,-2
9,28800.100000,1.032485,48,-2
10,28800.100000,1.338377,48,-2
11,28800.100000,0.308258,48,-2
12,28800.100000,1.145345,48,-2
13,28800.100000,1.396470,48,-2
0,29400.100000,63.343565,49,-2
1,29400.100000,63.480620,49,-2
5,29400.100000,0.281359,49,-2
6,29400.100000,0.201168,49,-2
7,29400.100000,0.520339,49,-2
8,29400.100000,0.447293,49,-2
9,29400.100000,1.032485,49,-2
10,29400.100000,1.338377,49,-2
11,29400.100000,0.308258,49,-2
12,29400.100000,1.145345,49,-2
13,29400.100000,1.396470,49,-2
0,30000.100000,63.343532,50,-2
1,30000.100000,63.480587,50,-2
5,30000.100000,0.281359,50,-2
6,30000.100000,0.201168,50,-2
7,30000.100000,0.520339,50,-2
8,30000.100000,0.447293,50,-2
9,30000.100000,1.032485,50,-2
10,30000.100000,1.338377,50,-2
11,30000.100000,0.308258,50,-2
12,30000.100000,1.145345,50,-2
13,30000.100000,1.396470,50,-2
0,30600.100000,63.343500,51,-2
1,30600.100000,63.480555,51,-2
5,30600.100000,0.281359,51,-2
6,30600.100000,0.201168,51,-2
7,30600.100000,0.520339,51,-2
8,30600.100000,0.447293,51,-2
9,30600.100000,1.032485,51,-2
10,30600.100000,1.338377,51,-2
11,30600.100000,0.308258,51,-2
12,30600.100000,1.145345,51,-2
13,30600.100000,1.396470,51,-2
0,31200.100000,63.343467,52,-2
1,31200.100000,63.480522,52,-2
5,31200.100000,0.281359,52,-2
6,31200.100000,0.201168,52,-2
7,31200.100000,0.520339,52,-2
8,31200.100000,0.447293,52,-2
9,31200.100000,1.032485,52,-2
10,31200.100000,1.338377,52,-2
11,31200.100000,0.308258,52,-2
12,31200.100000,1.145345,52,-2
13,31200.100000,1.396470,52,-2
0,31800.100000,63.343435,53,-2
1,31800.100000,63.480490,53,-2
5,31800.100000,0.281359,53,-2
6,31800.100000,0.201168,53,-2
7,31800.100000,0.520339,53,-2
8,31800.100000,0.447293,53,-2
9,31800.100000,1.032485,53,-2
10,31800.100000,1.338377,53,-2
11,31800.100000,0.308258,53,-2
12,31800.100000,1.145345,53,-2
13,31800.100000,1.396470,53,-2
0,32400.100000,63.343402,54,-2
1,32400.100000,63.480457,54,-2
5,32400.100000,0.281359,54,-2
6,32400.100000,0.201168,54,-2
7,32400.100000,0.520339,54,-2
8,32400.100000,0.447293,54,-2
9,32400.100000,1.032485,54,-2
10,32400.100000,1.338377,54,-2
11,32400.100000,0.308258,54,-2
12,32400.100000,1.145345,54,-2
13,32400.100000,1.396470,54,-2
0,33000.100000,63.343370,55,-2
1,33000.100000,63.480425,55,-2
5,33000.100000,0.281359,55,-2
6,33000.100000,0.201168,55,-2
7,33000.100000,0.520339,55,-2
8,33000.100000,0.447293,55,-2
9,33000.100000,1.032485,55,-2
10,33000.100000,1.338377,55,-2
11,33000.100000,0.308258,55,-2
12,33000.100000,1.145345,55,-2
13,33000.100000,1.396470,55,-2
0,33600.100000,63.343337,56,-2
1,33600.100000,63.480392,56,-2
5,33600.100000,0.281359,56,-2
6,33600.100000,0.201168,56,-2
7,33600.100000,0.520339,56,-2
8,33600.100000,0.447293,56,-2
9,33600.100000,1.032485,56,-2
10,33600.100000,1.338377,56,-2
11,33600.100000,0.308258,56,-2
12,33600.100000,1.145345,56,-2
13,33600.100000,1.396470,56,-2
0,34200.100000,63.343305,57,-2
1,34200.100000,63.480360,57,-2
5,34200.100000,0.281359,57,-2
6,34200.100000,0.201168,57,-2
7,34200.100000,0.520339,57,-2
8,34200.100000,0.447293,57,-2
9,34200.100000,1.032485,57,-2
10,34200.100000,1.338377,57,-2
11,34200.100000,0.308258,57,-2
12,34200.100000,1.145345,57,-2
13,34200.100000,1.396470,57,-2
0,34800.100000,63.343272,58,-2
1,34800.100000,63.480327,58,-2
5,34800.100000,0.281359,58,-2
6,34800.100000,0.201168,58,-2
7,34800.100000,0.520339,58,-2
8,34800.100000,0.447293,58,-2
9,34800.100000,1.032485,58,-2
10,34800.100000,1.338377,58,-2
11,34800.100000,0.308258,58,-2
12,34800.100000,1.145345,58,-2
13,34800.100000,1.396470,58,-2
0,35400.100000,63.343240,59,-2
1,35400.100000,63.480295,59,-2
5,35400.100000,0.281359,59,-2
6,35400.100000,0.201168,59,-2
7,35400.100000,0.520339,59,-2
8,35400.100000,0.447293,59,-2
9,35400.100000,1.032485,59,-2
10,35400.100000,1.338377,59,-2
11,35400.100000,0.308258,59,-2
12,35400.100000,1.145345,59,-2
13,35400.100000,1.396470,59,-2
0,36000.100000,63.343207,60,-2
1,36000.100000,63.480262,60,-2
5,36000.100000,0.281359,60,-2
6,36000.100000,0.201168,60,-2
7,36000.100000,0.520339,60,-2
8,36000.100000,0.447293,60,-2
9,36000.100000,1.032485,60,-2
10,36000.100000,1.338377,60,-2
11,36000.100000,0.308258,60,-2
12,36000.100000,1.145345,60,-2
13,36000.100000,1.396470,60,-2
0,36600.100000,63.343175,61,-2
1,36600.100000,63.480230,61,-2
5,36600.100000,0.281359,61,-2
6,36600.100000,0.201168,61,-2
7,36600.100000,0.520339,61,-2
8,36600.100000,0.447293,61,-2
9,36600.100000,1.032485,61,-2
10,36600.100000,1.338377,61,-2
11,36600.100000,0.308258,61,-2
12,36600.100000,1.145345,61,-2
13,36600.100000,1.396470,61,-2
0,37200.100000,63.343142,62,-2
1,37200.100000,63.480197,62,-2
5,37200.100000,0.281359,62,-2
6,37200.100000,0.201168,62,-2
7,37200.100000,0.520339,62,-2
8,37200.100000,0.447293,62,-2
9,37200.100000,1.032485,62,-2
10,37200.100000,1.338377,62,-2
11,37200.100000,0.308258,62,-2
12,37200.100000,1.145345,62,-2
13,37200.100000,1.396470,62,-2
0,37800.100000,63.343110,63,-2
1,37800.100000,63.480165,63,-2
5,37800.100000,0.281359,63,-2
6,37800.100000,0.201168,63,-2
7,37800.100000,0.520339,63,-2
8,37800.100000,0.447293,63,-2
9,37800.100000,1.032485,63,-2
10,37800.100000,1.338377,63,-2
11,37800.100000,0.308258,63,-2
12,37800.100000,1.145345,63,-2
13,37800.100000,1.396470,63,-2
0,38400.100000,63.343077,64,-2
1,38400.100000,63.480132,64,-2
5,38400.100000,0.281359,64,-2
6,38400.100000,0.201168,64,-2
7,38400.100000,0.520339,64,-2
8,38400.100000,0.447293,64,-2
9,38400.100000,1.032485,64,-2
10,38400.100000,1.338377,64,-2
11,38400.100000,0.308258,64,-2
12,38400.100000,1.145345,64,-2
13,38400.100000,1.396470,64,-2
0,39000.100000,63.343045,65,-2
1,39000.100000,63.480100,65,-2
5,39000.100000,0.281359,65,-2
6,39000.100000,0.201168,65,-2
7,39000.100000,0.520339,65,-2
8,39000.100000,0.447293,65,-2
9,39000.100000,1.032485,65,-2
10,39000.100000,1.338377,65,-2
11,39000.100000,0.308258,65,-2
12,39000.100000,1.145345,65,-2
13,39000.100000,1.396470,65,-2
0,39600.100000,63.343012,66,-2
1,39600.100000,63.480067,66,-2
5,39600.100000,0.281359,66,-2
6,39600.100000,0.201168,66,-2
7,39600.100000,0.520339,66,-2
8,39600.100000,0.447293,66,-2
9,39600.100000,1.032485,66,-2
10,39600.100000,1.338377,66,-2
11,39600.100000,0.308258,66,-2
12,39600.100000,1.145345,66,-2
13,39600.100000,1.396470,66,-2
0,40200.100000,63.342980,67,-2
1,40200.100000,63.480035,67,-2
5,40200.100000,0.281359,67,-2
6,40200.100000,0.201168,67,-2
7,40200.100000,0.520339,67,-2
8,40200.100000,0.447293,67,-2
9,40200.100000,1.032485,67,-2
10,40200.100000,1.338377,67,-2
11,40200.100000,0.308258,67,-2
12,40200.100000,1.145345,67,-2
13,40200.100000,1.396470,67,-2
0,40800.100000,63.342947,68,-2
1,40800.100000,63.480002,68,-2
5,40800.100000,0.281359,68,-2
6,40800.100000,0.201168,68,-2
7,40800.100000,0.520339,68,-2
8,40800.100000,0.447293,68,-2
9,40800.100000,1.032485,68,-2
10,40800.100000,1.338377,68,-2
11,40800.100000,0.308258,68,-2
12,40800.100000,1.145345,68,-2
13,40800.100000,1.396470,68,-2
0,41400.100000,63.342915,69,-2
1,41400.100000,63.479970,69,-2
5,41400.100000,0.281359,69,-2
6,41400.100000,0.201168,69,-2
7,41400.100000,0.520339,69,-2
8,41400.100000,0.447293,69,-2
9,41400.100000,1.032485,69,-2
10,41400.100000,1.338377,69,-2
11,41400.100000,0.308258,69,-2
12,41400.100000,1.145345,69,-2
13,41400.100000,1.396470,69,-2
0,42000.100000,63.342882,70,-2
1,42000.100000,63.479937,70,-2
5,42000.100000,0.281359,70,-2
6,42000.100000,0.201168,70,-2
7,42000.100000,0.520339,70,-2
8,42000.100000,0.447293,70,-2
9,42000.100000,1.032485,70,-2
10,42000.100000,1.338377,70,-2
11,42000.100000,0.308258,70,-2
12,42000.100000,1.145345,70,-2
13,42000.100000,1.396470,70,-2
0,42600.100000,63.342850,71,-2
1,42600.100000,63.479905,71,-2
5,42600.100000,0.281359,71,-2
6,42600.100000,0.201168,71,-2
7,42600.100000,0.520339,71,-2
8,42600.100000,0.447293,71,-2
9,42600.100000,1.032485,71,-2
10,42600.100000,1.338377,71,-2
11,42600.100000,0.308258,71,-2
12,42600.100000,1.145345,71,-2
13,42600.100000,1.396470,71,-2
0,43200.100000,63.342817,72,-2
1,43200.100000,63.479872,72,-2
5,43200.100000,0.281359,72,-2
6,43200.100000,0.201168,72,-2
7,43200.100000,0.520339,72,-2
8,43200.100000,0.447293,72,-2
9,43200.100000,1.032485,72,-2
10,43200.100000,1.338377,72,-2
11,43200.100000,0.308258,72,-2
12,43200.100000,1.145345,72,-2
13,43200.100000,1.396470,72,-2
0,43800.100000,63.342785,73,-2
1,43800.100000,63.479840,73,-2
5,43800.100000,0.281359,73,-2
6,43800.100000,0.201168,73,-2
7,43800.100000,0.520339,73,-2
8,43800.100000,0.447293,73,-2
9,43800.100000,1.032485,73,-2
10,43800.100000,1.338377,73,-2
11,43800.100000,0.308258,73,-2
12,43800.100000,1.145345,73,-2
13,43800.100000,1.396470,73,-2
0,44400.100000,63.342752,74,-2
1,44400.100000,63.479807,74,-2
5,44400.100000,0.281359,74,-2
6,44400.100000,0.201168,74,-2
7,44400.100000,0.520339,74,-2
8,44400.100000,0.447293,74,-2
9,44400.100000,1.032485,74,-2
10,44400.100000,1.338377,74,-2
11,44400.100000,0.308258,74,-2
12,44400.100000,1.145345,74,-2
13,44400.100000,1.396470,74,-2
0,45000.100000,63.342720,75,-2
1,45000.100000,63.479775,75,-2
5,45000.100000,0.281359,75,-2
6,45000.100000,0.201168,75,-2
7,45000.100000,0.520339,75,-2
8,45000.100000,0.447293,75,-2
9,45000.100000,1.032485,75,-2
10,45000.100000,1.338377,75,-2
11,45000.100000,0.308258,75,-2
12,45000.100000,1.145345,75,-2
13,45000.100000,1.396470,75,-2
0,45600.100000,63.342687,76,-2
1,45600.100000,63.479742,76,-2
5,45600.100000,0.281359,76,-2
6,45600.100000,0.201168,76,-2
7,45600.100000,0.520339,76,-2
8,45600.100000,0.447293,76,-2
9,45600.100000,1.032485,76,-2
10,45600.100000,1.338377,76,-2
11,45600.100000,0.308258,76,-2
12,45600.100000,1.145345,76,-2
13,45600.100000,1.396470,76,-2
0,46200.100000,63.342655,77,-2
1,46200.100000,63.479710,77,-2
5,46200.100000,0.281359,77,-2
6,46200.100000,0.201168,77,-2
7,46200.100000,0.520339,77,-2
8,46200.100000,0.447293,77,-2
9,46200.100000,1.032485,77,-2
10,46200.100000,1.338377,77,-2
11,46200.100000,0.308258,77,-2
12,46200.100000,1.145345,77,-2
13,46200.100000,1.396470,77,-2
0,46800.100000,63.342622,78,-2
1,46800.100000,63.479677,78,-2
5,46800.100000,0.281359,78,-2
6,46800.100000,0.201168,78,-2
7,46800.100000,0.520339,78,-2
8,46800.100000,0.447293,78,-2
9,46800.100000,1.032485,78,-2
10,46800.100000,1.338377,78,-2
11,46800.100000,0.308258,78,-2
12,46800.100000,1.145345,78,-2
13,46800.100000,1.396470,78,-2
0,47400.100000,63.342590,79,-2
1,47400.100000,63.479645,79,-2
5,47400.100000,0.281359,79,-2
6,47400.100000,0.201168,79,-2
7,47400.100000,0.520339,79,-2
8,47400.100000,0.447293,79,-2
9,47400.100000,1.032485,79,-2
10,47400.100000,1.338377,79,-2
11,47400.100000,0.308258,79,-2
12,47400.100000,1.145345,79,-2
13,47400.100000,1.396470,79,-2
0,48000.100000,63.342557,80,-2
1,48000.100000,63.479612,80,-2
5,48000.100000,0.281359,80,-2
6,48000.100000,0.201168,80,-2
7,48000.100000,0.520339,80,-2
8,48000.100000,0.447293,80,-2
9,48000.100000,1.032485,80,-2
10,48000.100000,1.338377,80,-2
11,48000.100000,0.308258,80,-2
12,48000.100000,1.145345,80,-2
13,48000.100000,1.396470,80,-2
0,48600.100000,63.342525,81,-2
1,48600.100000,63.479580,81,-2
5,48600.100000,0.281359,81,-2
6,48600.100000,0.201168,81,-2
7,48600.100000,0.520339,81,-2
8,48600.100000,0.447293,81,-2
9,48600.100000,1.032485,81,-2
10,48600.100000,1.338377,81,-2
11,48600.100000,0.308258,81,-2
12,48600.100000,1.145345,81,-2
13,48600.100000,1.396470,81,-2
0,49200.100000,63.342492,82,-2
1,49200.100000,63.479547,82,-2
5,49200.100000,0.281359,82,-2
6,49200.100000,0.201168,82,-2
7,49200.100000,0.520339,82,-2
8,49200.100000,0.447293,82,-2
9,49200.100000,1.032485,82,-2
10,49200.100000,1.338377,82,-2
11,49200.100000,0.308258,82,-2
12,49200.100000,1.145345,82,-2
13,49200.100000,1.396470,82,-2
0,49800.100000,63.342460,83,-2
1,49800.100000,63.479515,83,-2
5,49800.100000,0.281359,83,-2
6,49800.100000,0.201168,83,-2
7,49800.100000,0.520339,83,-2
8,49800.100000,0.447293,83,-2
9,49800.100000,1.032485,83,-2
10,49800.100000,1.338377,83,-2
11,49800.100000,0.308258,83,-2
12,49800.100000,1.145345,83,-2
13,49800.100000,1.396470,83,-2
0,50400.100000,63.342427,84,-2
1,50400.100000,63.479482,84,-2
5,50400.100000,0.281359,84,-2
6,50400.100000,0.201168,84,-2
7,50400.100000,0.520339,84,-2
8,50400.100000,0.447293,84,-2
9,50400.100000,1.032485,84,-2
10,50400.100000,1.338377,84,-2
11,50400.100000,0.308258,84,-2
12,50400.100000,1.145345,84,-2
13,50400.100000,1.396470,84,-2
0,51000.100000,63.342395,85,-2
1,51000.100000,63.479450,85,-2
5,51000.100000,0.281359,85,-2
6,51000.100000,0.201168,85,-2
7,51000.100000,0.520339,85,-2
8,51000.100000,0.447293,85,-2
9,51000.100000,1.032485,85,-2
10,51000.100000,1.338377,85,-2
11,51000.100000,0.308258,85,-2
12,51000.100000,1.145345,85,-2
13,51000.100000,1.396470,85,-2
0,51600.100000,63.342362,86,-2
1,51600.100000,63.479417,86,-2
5,51600.100000,0.281359,86,-2
6,51600.100000,0.201168,86,-2
7,51600.100000,0.520339,86,-2
8,51600.100000,0.447293,86,-2
9,51600.100000,1.032485,86,-2
10,51600.100000,1.338377,86,-2
11,51600.100000,0.308258,86,-2
12,51600.100000,1.145345,86,-2
13,51600.100000,1.396470,86,-2
0,52200.100000,63.342330,87,-2
1,52200.100000,63.479385,87,-2
5,52200.100000,0.281359,87,-2
6,52200.100000,0.201168,87,-2
7,52200.100000,0.520339,87,-2
8,52200.100000,0.447293,87,-2
9,52200.100000,1.032485,87,-2
10,52200.100000,1.338377,87,-2
11,52200.100000,0.308258,87,-2
12,52200.100000,1.145345,87,-2
13,52200.100000,1.396470,87,-2
0,52800.100000,63.342297,88,-2
1,52800.100000,63.479352,88,-2
5,52800.100000,0.281359,88,-2
6,52800.100000,0.201168,88,-2
7,52800.100000,0.520339,88,-2
8,52800.100000,0.447293,88,-2
9,52800.100000,1.032485,88,-2
10,52800.100000,1.338377,88,-2
11,52800.100000,0.308258,88,-2
12,52800.100000,1.145345,88,-2
13,52800.100000,1.396470,88,-2
0,53400.100000,63.342265,89,-2
1,53400.100000,63.479320,89,-2
5,53400.100000,0.281359,89,-2
6,53400.100000,0.201168,89,-2
7,53400.100000,0.520339,89,-2
8,53400.100000,0.447293,89,-2
9,53400.100000,1.032485,89,-2
10,53400.100000,1.338377,89,-2
11,53400.100000,0.308258,89,-2
12,53400.100000,1.145345,89,-2
13,53400.100000,1.396470,89,-2
0,54000.100000,63.342232,90,-2
1,54000.100000,63.479287,90,-2
5,54000.100000,0.281359,90,-2
6,54000.100000,0.201168,90,-2
7,54000.100000,0.520339,90,-2
8,54000.100000,0.447293,90,-2
9,54000.100000,1.032485,90,-2
10,54000.100000,1.338377,90,-2
11,54000.100000,0.308258,90,-2
12,54000.100000,1.145345,90,-2
13,54000.100000,1.396470,90,-2
0,54600.100000,63.342200,91,-2
1,54600.100000,63.479255,91,-2
5,54600.100000,0.281359,91,-2
6,54600.100000,0.201168,91,-2
7,54600.100000,0.520339,91,-2
8,54600.100000,0.447293,91,-2
9,54600.100000,1.032485,91,-2
10,54600.100000,1.338377,91,-2
11,54600.100000,0.308258,91,-2
12,54600.100000,1.145345,91,-2
13,54600.100000,1.396470,91,-2
0,55200.100000,63.342167,92,-2
1,55200.100000,63.479222,92,-2
5,55200.100000,0.281359,92,-2
6,55200.100000,0.201168,92,-2
7,55200.100000,0.520339,92,-2
8,55200.100000,0.447293,92,-2
9,55200.100000,1.032485,92,-2
10,55200.100000,1.338377,92,-2
11,55200.100000,0.308258,92,-2
12,55200.100000,1.145345,92,-2
13,55200.100000,1.396470,92,-2
0,55800.100000,63.342135,93,-2
1,55800.100000,63.479190,93,-2
5,55800.100000,0.281359,93,-2
6,55800.100000,0.201168,93,-2
7,55800.100000,0.520339,93,-2
8,55800.100000,0.447293,93,-2
9,55800.100000,1.032485,93,-2
10,55800.100000,1.338377,93,-2
11,55800.100000,0.308258,93,-2
12,55800.100000,1.145345,93,-2
13,55800.100000,1.396470,93,-2
0,56400.100000,63.342102,94,-2
1,56400.100000,63.479157,94,-2
5,56400.100000,0.281359,94,-2
6,56400.100000,0.201168,94,-2
7,56400.100000,0.520339,94,-2
8,56400.100000,0.447293,94,-2
9,56400.100000,1.032485,94,-2
10,56400.100000,1.338377,94,-2
11,56400.100000,0.308258,94,-2
12,56400.100000,1.145345,94,-2
13,56400.100000,1.396470,94,-2
0,57000.100000,63.342070,95,-2
1,57000.100000,63.479125,95,-2
5,57000.100000,0.281359,95,-2
6,57000.100000,0.201168,95,-2
7,57000.100000,0.520339,95,-2
8,57000.100000,0.447293,95,-2
9,57000.100000,1.032485,95,-2
10,57000.100000,1.338377,95,-2
11,57000.100000,0.308258,95,-2
12,57000.100000,1.145345,95,-2
13,57000.100000,1.396470,95,-2
0,57600.100000,63.342037,96,-2
1,57600.100000,63.479092,96,-2
5,57600.100000,0.281359,96,-2
6,57600.100000,0.201168,96,-2
7,57600.100000,0.520339,96,-2
8,57600.100000,0.447293,96,-2
9,57600.100000,1.032485,96,-2
10,57600.100000,1.338377,96,-2
11,57600.100000,0.308258,96,-2
12,57600.100000,1.145345,96,-2
13,57600.100000,1.396470,96,-2
0,58200.100000,63.342005,97,-2
1,58200.100000,63.479060,97,-2
5,58200.100000,0.281359,97,-2
6,58200.100000,0.201168,97,-2
7,58200.100000,0.520339,97,-2
8,58200.100000,0.447293,97,-2
9,58200.100000,1.032485,97,-2
10,58200.100000,1.338377,97,-2
11,58200.100000,0.308258,97,-2
12,58200.100000,1.145345,97,-2
13,58200.100000,1.396470,97,-2
0,58800.100000,63.341972,98,-2
1,58800.100000,63.479027,98,-2
5,58800.100000,0.281359,98,-2
6,58800.100000,0.201168,98,-2
7,58800.100000,0.520339,98,-2
8,58800.100000,0.447293,98,-2
9,58800.100000,1.032485,98,-2
10,58800.100000,1.338377,98,-2
11,58800.100000,0.308258,98,-2
12,58800.100000,1.145345,98,-2
13,58800.100000,1.396470,98,-2
0,59400.100000,63.341940,99,-2
1,59400.100000,63.478995,99,-2
5,59400.100000,0.281359,99,-2
6,59400.100000,0.201168,99,-2
7,59400.100000,0.520339,99,-2
8,59400.100000,0.447293,99,-2
9,59400.100000,1.032485,99,-2
10,59400.100000,1.338377,99,-2
11,59400.100000,0.308258,99,-2
12,59400.100000,1.145345,99,-2
13,59400.100000,1.396470,99,-2
0,60000.100000,63.341907,100,-2
1,60000.100000,63.478962,100,-2
5,60000.100000,0.281359,100,-2
6,60000.100000,0.201168,100,-2
7,60000.100000,0.520339,100,-2
8,60000.100000,0.447293,100,-2
9,60000.100000,1.032485,100,-2
10,60000.100000,1.338377,100,-2
11,60000.100000,0.308258,100,-2
12,60000.100000,1.145345,100,-2
13,60000.100000,1.396470,100,-2
0,60600.100000,63.341875,101,-2
1,60600.100000,63.478930,101,-2
5,60600.100000,0.281359,101,-2
6,60600.100000,0.201168,101,-2
7,60600.100000,0.520339,101,-2
8,60600.100000,0.447293,101,-2
9,60600.100000,1.032485,101,-2
10,60600.100000,1.338377,101,-2
11,60600.100000,0.308258,101,-2
12,60600.100000,1.145345,101,-2
13,60600.100000,1.396470,101,-2
0,61200.100000,63.341842,102,-2
1,61200.100000,63.478897,102,-2
5,61200.100000,0.281359,102,-2
6,61200.100000,0.201168,102,-2
7,61200.100000,0.520339,102,-2
8,61200.100000,0.447293,102,-2
9,61200.100000,1.032485,102,-2
10,61200.100000,1.338377,102,-2
11,61200.100000,0.308258,102,-2
12,61200.100000,1.145345,102,-2
13,61200.100000,1.396470,102,-2
0,61800.100000,63.341810,103,-2
1,61800.100000,63.478865,103,-2
5,61800.100000,0.281359,103,-2
6,61800.100000,0.201168,103,-2
7,61800.100000,0.520339,103,-2
8,61800.100000,0.447293,103,-2
9,61800.100000,1.032485,103,-2
10,61800.100000,1.338377,103,-2
11,61800.100000,0.308258,103,-2
12,61800.100000,1.145345,103,-2
13,61800.100000,1.396470,103,-2
0,62400.100000,63.341777,104,-2
1,62400.100000,63.478832,104,-2
5,62400.100000,0.281359,104,-2
6,62400.100000,0.201168,104,-2
7,62400.100000,0.520339,104,-2
8,62400.100000,0.447293,104,-2
9,62400.100000,1.032485,104,-2
10,62400.100000,1.338377,104,-2
11,62400.100000,0.308258,104,-2
12,62400.100000,1.145345,104,-2
13,62400.100000,1.396470,104,-2
0,63000.100000,63.341745,105,-2
1,63000.100000,63.478800,105,-2
5,63000.100000,0.281359,105,-2
6,63000.100000,0.201168,105,-2
7,63000.100000,0.520339,105,-2
8,63000.100000,0.447293,105,-2
9,63000.100000,1.032485,105,-2
10,63000.100000,1.338377,105,-2
11,63000.100000,0.308258,105,-2
12,63000.100000,1.145345,105,-2
13,63000.100000,1.396470,105,-2
0,63600.100000,63.341712,106,-2
1,63600.100000,63.478767,106,-2
5,63600.100000,0.281359,106,-2
6,63600.100000,0.201168,106,-2
7,63600.100000,0.520339,106,-2
8,63600.100000,0.447293,106,-2
9,63600.100000,1.032485,106,-2
10,63600.100000,1.338377,106,-2
11,63600.100000,0.308258,106,-2
12,63600.100000,1.145345,106,-2
13,63600.100000,1.396470,106,-2
0,64200.100000,63.341680,107,-2
1,64200.100000,63.478735,107,-2
5,64200.100000,0.281359,107,-2
6,64200.100000,0.201168,107,-2
7,64200.100000,0.520339,107,-2
8,64200.100000,0.447293,107,-2
9,64200.100000,1.032485,107,-2
10,64200.100000,1.338377,107,-2
11,64200.100000,0.308258,107,-2
12,64200.100000,1.145345,107,-2
13,64200.100000,1.396470,107,-2
0,64800.100000,63.341647,108,-2
1,64800.100000,63.478702,108,-2
5,64800.100000,0.281359,108,-2
6,64800.100000,0.201168,108,-2
7,64800.100000,0.520339,108,-2
8,64800.100000,0.447293,108,-2
9,64800.100000,1.032485,108,-2
10,64800.100000,1.338377,108,-2
11,64800.100000,0.308258,108,-2
12,64800.100000,1.145345,108,-2
13,64800.100000,1.396470,108,-2
0,65400.100000,63.341615,109,-2
1,65400.100000,63.478670,109,-2
5,65400.100000,0.281359,109,-2
6,65400.100000,0.201168,109,-2
7,65400.100000,0.520339,109,-2
8,65400.100000,0.447293,109,-2
9,65400.100000,1.032485,109,-2
10,65400.100000,1.338377,109,-2
11,65400.100000,0.308258,109,-2
12,65400.100000,1.145345,109,-2
13,65400.100000,1.396470,109,-2
0,66000.100000,63.341582,110,-2
1,66000.100000,63.478637,110,-2
5,66000.100000,0.281359,110,-2
6,66000.100000,0.201168,110,-2
7,66000.100000,0.520339,110,-2
8,66000.100000,0.447293,110,-2
9,66000.100000,1.032485,110,-2
10,66000.100000,1.338377,110,-2
11,66000.100000,0.308258,110,-2
12,66000.100000,1.145345,110,-2
13,66000.100000,1.396470,110,-2
0,66600.100000,63.341550,111,-2
1,66600.100000,63.478605,111,-2
5,66600.100000,0.281359,111,-2
6,66600.100000,0.201168,111,-2
7,66600.100000,0.520339,111,-2
8,66600.100000,0.447293,111,-2
9,66600.100000,1.032485,111,-2
10,66600.100000,1.338377,111,-2
11,66600.100000,0.308258,111,-2
12,66600.100000,1.145345,111,-2
13,66600.100000,1.396470,111,-2
0,67200.100000,63.341517,112,-2
1,67200.100000,63.478572,112,-2
5,67200.100000,0.281359,112,-2
6,67200.100000,0.201168,112,-2
7,67200.100000,0.520339,112,-2
8,67200.100000,0.447293,112,-2
9,67200.100000,1.032485,112,-2
10,67200.100000,1.338377,112,-2
11,67200.100000,0.308258,112,-2
12,67200.100000,1.145345,112,-2
13,67200.100000,1.396470,112,-2
0,67800.100000,63.341485,113,-2
1,67800.100000,63.478540,113,-2
5,67800.100000,0.281359,113,-2
6,67800.100000,0.201168,113,-2
7,67800.100000,0.520339,113,-2
8,67800.100000,0.447293,113,-2
9,67800.100000,1.032485,113,-2
10,67800.100000,1.338377,113,-2
11,67800.100000,0.308258,113,-2
12,67800.100000,1.145345,113,-2
13,67800.100000,1.396470,113,-2
0,68400.100000,63.341452,114,-2
1,68400.100000,63.478507,114,-2
5,68400.100000,0.281359,114,-2
6,68400.100000,0.201168,114,-2
7,68400.100000,0.520339,114,-2
8,68400.100000,0.447293,114,-2
9,68400.100000,1.032485,114,-2
10,68400.100000,1.338377,114,-2
11,68400.100000,0.308258,114,-2
12,68400.100000,1.145345,114,-2
13,68400.100000,1.396470,114,-2
0,69000.100000,63.341420,115,-2
1,69000.100000,63.478475,115,-2
5,69000.100000,0.281359,115,-2
6,69000.100000,0.201168,115,-2
7,69000.100000,0.520339,115,-2
8,69000.100000,0.447293,115,-2
9,69000.100000,1.032485,115,-2
10,69000.100000,1.338377,115,-2
11,69000.100000,0.308258,115,-2
12,69000.100000,1.145345,115,-2
13,69000.100000,1.396470,115,-2
0,69600.100000,63.341387,116,-2
1,69600.100000,63.478442,116,-2
5,69600.100000,0.281359,116,-2
6,69600.100000,0.201168,116,-2
7,69600.100000,0.520339,116,-2
8,69600.100000,0.447293,116,-2
9,69600.100000,1.032485,116,-2
10,69600.100000,1.338377,116,-2
11,69600.100000,0.308258,116,-2
12,69600.100000,1.145345,116,-2
13,69600.100000,1.396470,116,-2
0,70200.100000,63.341355,117,-2
1,70200.100000,63.478410,117,-2
5,70200.100000,0.281359,117,-2
6,70200.100000,0.201168,117,-2
7,70200.100000,0.520339,117,-2
8,70200.100000,0.447293,117,-2
9,70200.100000,1.032485,117,-2
10,70200.100000,1.338377,117,-2
11,70200.100000,0.308258,117,-2
12,70200.100000,1.145345,117,-2
13,70200.100000,1.396470,117,-2
0,70800.100000,63.341322,118,-2
1,70800.100000,63.478377,118,-2
5,70800.100000,0.281359,118,-2
6,70800.100000,0.201168,118,-2
7,70800.100000,0.520339,118,-2
8,70800.100000,0.447293,118,-2
9,70800.100000,1.032485,118,-2
10,70800.100000,1.338377,118,-2
11,70800.100000,0.308258,118,-2
12,70800.100000,1.145345,118,-2
13,70800.100000,1.396470,118,-2
0,71400.100000,63.341290,119,-2
1,71400.100000,63.478345,119,-2
5,71400.100000,0.281359,119,-2
6,71400.100000,0.201168,119,-2
7,71400.100000,0.520339,119,-2
8,71400.100000,0.447293,119,-2
9,71400.100000,1.032485,119,-2
10,71400.100000,1.338377,119,-2
11,71400.100000,0.308258,119,-2
12,71400.100000,1.145345,119,-2
13,71400.100000,1.396470,119,-2
0,72000.100000,63.341257,120,-2
1,72000.100000,63.478312,120,-2
5,72000.100000,0.281359,120,-2
6,72000.100000,0.201168,120,-2
7,72000.100000,0.520339,120,-2
8,72000.100000,0.447293,120,-2
9,72000.100000,1.032485,120,-2
10,72000.100000,1.338377,120,-2
11,72000.100000,0.308258,120,-2
12,72000.100000,1.145345,120,-2
13,72000.100000,1.396470,120,-2
0,72600.100000,63.341225,121,-2
1,72600.100000,63.478280,121,-2
5,72600.100000,0.281359,121,-2
6,72600.100000,0.201168,121,-2
7,72600.100000,0.520339,121,-2
8,72600.100000,0.447293,121,-2
9,72600.100000,1.032485,121,-2
10,72600.100000,1.338377,121,-2
11,72600.100000,0.308258,121,-2
12,72600.100000,1.145345,121,-2
13,72600.100000,1.396470,121,-2
0,73200.100000,63.341192,122,-2
1,73200.100000,63.478247,122,-2
5,73200.100000,0.281359,122,-2
6,73200.100000,0.201168,122,-2
7,73200.100000,0.520339,122,-2
8,73200.100000,0.447293,122,-2
9,73200.100000,1.032485,122,-2
10,73200.100000,1.338377,122,-2
11,73200.100000,0.308258,122,-2
12,73200.100000,1.145345,122,-2
13,73200.100000,1.396470,122,-2
0,73800.100000,63.341160,123,-2
1,73800.100000,63.478215,123,-2
5,73800.100000,0.281359,123,-2
6,73800.100000,0.201168,123,-2
7,73800.100000,0.520339,123,-2
8,73800.100000,0.447293,123,-2
9,73800.100000,1.032485,123,-2
10,73800.100000,1.338377,123,-2
11,73800.100000,0.308258,123,-2
12,73800.100000,1.145345,123,-2
13,73800.100000,1.396470,123,-2
0,74400.100000,63.341127,124,-2
1,74400.100000,63.478182,124,-2
5,74400.100000,0.281359,124,-2
6,74400.100000,0.201168,124,-2
7,74400.100000,0.520339,124,-2
8,74400.100000,0.447293,124,-2
9,74400.100000,1.032485,124,-2
10,74400.100000,1.338377,124,-2
11,74400.100000,0.308258,124,-2
12,74400.100000,1.145345,124,-2
13,74400.100000,1.396470,124,-2
0,75000.100000,63.341095,125,-2
1,75000.100000,63.478150,125,-2
5,75000.100000,0.281359,125,-2
6,75000.100000,0.201168,125,-2
7,75000.100000,0.520339,125,-2
8,75000.100000,0.447293,125,-2
9,75000.100000,1.032485,125,-2
10,75000.100000,1.338377,125,-2
11,75000.100000,0.308258,125,-2
12,75000.100000,1.145345,125,-2
13,75000.100000,1.396470,125,-2
0,75600.100000,63.341062,126,-2
1,75600.100000,63.478117,126,-2
5,75600.100000,0.281359,126,-2
6,75600.100000,0.201168,126,-2
7,75600.100000,0.520339,126,-2
8,75600.100000,0.447293,126,-2
9,75600.100000,1.032485,126,-2
10,75600.100000,1.338377,126,-2
11,75600.100000,0.308258,126,-2
12,75600.100000,1.145345,126,-2
13,75600.100000,1.396470,126,-2
0,76200.100000,63.341030,127,-2
1,76200.100000,63.478085,127,-2
5,76200.100000,0.281359,127,-2
6,76200.100000,0.201168,127,-2
7,76200.100000,0.520339,127,-2
8,76200.100000,0.447293,127,-2
9,76200.100000,1.032485,127,-2
10,76200.100000,1.338377,127,-2
11,76200.100000,0.308258,127,-2
12,76200.100000,1.145345,127,-2
13,76200.100000,1.396470,127,-2
0,76800.100000,63.340997,128,-2
1,76800.100000,63.478052,128,-2
5,76800.100000,0.281359,128,-2
6,76800.100000,0.201168,128,-2
7,76800.100000,0.520339,128,-2
8,76800.100000,0.447293,128,-2
9,76800.100000,1.032485,128,-2
10,76800.100000,1.338377,128,-2
11,76800.100000,0.308258,128,-2
12,76800.100000,1.145345,128,-2
13,76800.100000,1.396470,128,-2
0,77400.100000,63.340965,129,-2
1,77400.100000,63.478020,129,-2
5,77400.100000,0.281359,129,-2
6,77400.100000,0.201168,129,-2
7,77400.100000,0.520339,129,-2
8,77400.100000,0.447293,129,-2
9,77400.100000,1.032485,129,-2
10,77400.100000,1.338377,129,-2
11,77400.100000,0.308258,129,-2
12,77400.100000,1.145345,129,-2
13,77400.100000,1.396470,129,-2
0,78000.100000,63.340932,130,-2
1,78000.100000,63.477987,130,-2
5,78000.100000,0.281359,130,-2
6,78000.100000,0.201168,130,-2
7,78000.100000,0.520339,130,-2
8,78000.100000,0.447293,130,-2
9,78000.100000,1.032485,130,-2
10,78000.100000,1.338377,130,-2
11,78000.100000,0.308258,130,-2
12,78000.100000,1.145345,130,-2
13,78000.100000,1.396470,130,-2
0,78600.100000,63.340900,131,-2
1,78600.100000,63.477955,131,-2
5,78600.100000,0.281359,131,-2
6,78600.100000,0.201168,131,-2
7,78600.100000,0.520339,131,-2
8,78600.100000,0.447293,131,-2
9,78600.100000,1.032485,131,-2
10,78600.100000,1.338377,131,-2
11,78600.100000,0.308258,131,-2
12,78600.100000,1.145345,131,-2
13,78600.100000,1.396470,131,-2
0,79200.100000,63.340867,132,-2
1,79200.100000,63.477922,132,-2
5,79200.100000,0.281359,132,-2
6,79200.100000,0.201168,132,-2
7,79200.100000,0.520339,132,-2
8,79200.100000,0.447293,132,-2
9,79200.100000,1.032485,132,-2
10,79200.100000,1.338377,132,-2
11,79200.100000,0.308258,132,-2
12,79200.100000,1.145345,132,-2
13,79200.100000,1.396470,132,-2
0,79800.100000,63.340835,133,-2
1,79800.100000,63.477890,133,-2
5,79800.100000,0.281359,133,-2
6,79800.100000,0.201168,133,-2
7,79800.100000,0.520339,133,-2
8,79800.100000,0.447293,133,-2
9,79800.100000,1.032485,133,-2
10,79800.100000,1.338377,133,-2
11,79800.100000,0.308258,133,-2
12,79800.100000,1.145345,133,-2
13,79800.100000,1.396470,133,-2
0,80400.100000,63.340802,134,-2
1,80400.100000,63.477857,134,-2
5,80400.100000,0.281359,134,-2
6,80400.100000,0.201168,134,-2
7,80400.100000,0.520339,134,-2
8,80400.100000,0.447293,134,-2
9,80400.100000,1.032485,134,-2
10,80400.100000,1.338377,134,-2
11,80400.100000,0.308258,134,-2
12,80400.100000,1.145345,134,-2
13,80400.100000,1.396470,134,-2
0,81000.100000,63.340770,135,-2
1,81000.100000,63.477825,135,-2
5,81000.100000,0.281359,135,-2
6,81000.100000,0.201168,135,-2
7,81000.100000,0.520339,135,-2
8,81000.100000,0.447293,135,-2
9,81000.100000,1.032485,135,-2
10,81000.100000,1.338377,135,-2
11,81000.100000,0.308258,135,-2
12,81000.100000,1.145345,135,-2
13,81000.100000,1.396470,135,-2
0,81600.100000,63.340737,136,-2
1,81600.100000,63.477792,136,-2
5,81600.100000,0.281359,136,-2
6,81600.100000,0.201168,136,-2
7,81600.100000,0.520339,136,-2
8,81600.100000,0.447293,136,-2
9,81600.100000,1.032485,136,-2
10,81600.100000,1.338377,136,-2
11,81600.100000,0.308258,136,-2
12,81600.100000,1.145345,136,-2
13,81600.100000,1.396470,136,-2
0,82200.100000,63.340705,137,-2
1,82200.100000,63.477760,137,-2
5,82200.100000,0.281359,137,-2
6,82200.100000,0.201168,137,-2
7,82200.100000,0.520339,137,-2
8,82200.100000,0.447293,137,-2
9,82200.100000,1.032485,137,-2
10,82200.100000,1.338377,137,-2
11,82200.100000,0.308258,137,-2
12,82200.100000,1.145345,137,-2
13,82200.100000,1.396470,137,-2
0,82800.100000,63.340672,138,-2
1,82800.100000,63.477727,138,-2
5,82800.100000,0.281359,138,-2
6,82800.100000,0.201168,138,-2
7,82800.100000,0.520339,138,-2
8,82800.100000,0.447293,138,-2
9,82800.100000,1.032485,138,-2
10,82800.100000,1.338377,138,-2
11,82800.100000,0.308258,138,-2
12,82800.100000,1.145345,138,-2
13,82800.100000,1.396470,138,-2
0,83400.100000,63.340640,139,-2
1,83400.100000,63.477695,139,-2
5,83400.100000,0.281359,139,-2
6,83400.100000,0.201168,139,-2
7,83400.100000,0.520339,139,-2
8,83400.100000,0.447293,139,-2
9,83400.100000,1.032485,139,-2
10,83400.100000,1.338377,139,-2
11,83400.100000,0.308258,139,-2
12,83400.100000,1.145345,139,-2
13,83400.100000,1.396470,139,-2
0,84000.100000,63.340607,140,-2
1,84000.100000,63.477662,140,-2
5,84000.100000,0.281359,140,-2
6,84000.100000,0.201168,140,-2
7,84000.100000,0.520339,140,-2
8,84000.100000,0.447293,140,-2
9,84000.100000,1.032485,140,-2
10,84000.100000,1.338377,140,-2
11,84000.100000,0.308258,140,-2
12,84000.100000,1.145345,140,-2
13,84000.100000,1.396470,140,-2
0,84600.100000,63.340575,141,-2
1,84600.100000,63.477630,141,-2
5,84600.100000,0.281359,141,-2
6,84600.100000,0.201168,141,-2
7,84600.100000,0.520339,141,-2
8,84600.100000,0.447293,141,-2
9,84600.100000,1.032485,141,-2
10,84600.100000,1.338377,141,-2
11,84600.100000,0.308258,141,-2
12,84600.100000,1.145345,141,-2
13,84600.100000,1.396470,141,-2
0,85200.100000,63.340542,142,-2
1,85200.100000,63.477597,142,-2
5,85200.100000,0.281359,142,-2
6,85200.100000,0.201168,142,-2
7,85200.100000,0.520339,142,-2
8,85200.100000,0.447293,142,-2
9,85200.100000,1.032485,142,-2
10,85200.100000,1.338377,142,-2
11,85200.100000,0.308258,142,-2
12,85200.100000,1.145345,142,-2
13,85200.100000,1.396470,142,-2
0,85800.100000,63.340510,143,-2
1,85800.100000,63.477565,143,-2
5,85800.100000,0.281359,143,-2
6,85800.100000,0.201168,143,-2
7,85800.100000,0.520339,143,-2
8,85800.100000,0.447293,143,-2
9,85800.100000,1.032485,143,-2
10,85800.100000,1.338377,143,-2
11,85800.100000,0.308258,143,-2
12,85800.100000,1.145345,143,-2
13,85800.100000,1.396470,143,-2
0,86400.100000,63.340477,144,-2
1,86400.100000,63.477532,144,-2
5,86400.100000,0.281359,144,-2
6,86400.100000,0.201168,144,-2
7,86400.100000,0.520339,144,-2
8,86400.100000,0.447293,144,-2
9,86400.100000,1.032485,144,-2
10,86400.100000,1.338377,144,-2
11,86400.100000,0.308258,144,-2
12,86400.100000,1.145345,144,-2
13,86400.100000,1.396470,144,-2
0,87000.100000,63.340445,145,-2
1,87000.100000,63.477500,145,-2
5,87000.100000,0.281359,145,-2
6,87000.100000,0.201168,145,-2
7,87000.100000,0.520339,145,-2
8,87000.100000,0.447293,145,-2
9,87000.100000,1.032485,145,-2
10,87000.100000,1.338377,145,-2
11,87000.100000,0.308258,145,-2
12,87000.100000,1.145345,145,-2
13,87000.100000,1.396470,145,-2
0,87600.100000,63.340412,146,-2
1,87600.100000,63.477467,146,-2
5,87600.100000,0.281359,146,-2
6,87600.100000,0.201168,146,-2
7,87600.100000,0.520339,146,-2
8,87600.100000,0.447293,146,-2
9,87600.100000,1.032485,146,-2
10,87600.100000,1.338377,146,-2
11,87600.100000,0.308258,146,-2
12,87600.100000,1.145345,146,-2
13,87600.100000,1.396470,146,-2
0,88200.100000,63.340380,147,-2
1,88200.100000,63.477435,147,-2
5,88200.100000,0.281359,147,-2
6,88200.100000,0.201168,147,-2
7,88200.100000,0.520339,147,-2
8,88200.100000,0.447293,147,-2
9,88200.100000,1.032485,147,-2
10,88200.100000,1.338377,147,-2
11,88200.100000,0.308258,147,-2
12,88200.100000,1.145345,147,-2
13,88200.100000,1.396470,147,-2
0,88800.100000,63.340347,148,-2
1,88800.100000,63.477402,148,-2
5,88800.100000,0.281359,148,-2
6,88800.100000,0.201168,148,-2
7,88800.100000,0.520339,148,-2
8,88800.100000,0.447293,148,-2
9,88800.100000,1.032485,148,-2
10,88800.100000,1.338377,148,-2
11,88800.100000,0.308258,148,-2
12,88800.100000,1.145345,148,-2
13,88800.100000,1.396470,148,-2
0,89400.100000,63.340315,149,-2
1,89400.100000,63.477370,149,-2
5,89400.100000,0.281359,149,-2
6,89400.100000,0.201168,149,-2
7,89400.100000,0.520339,149,-2
8,89400.100000,0.447293,149,-2
9,89400.100000,1.032485,149,-2
10,89400.100000,1.338377,149,-2
11,89400.100000,0.308258,149,-2
12,89400.100000,1.145345,149,-2
13,89400.100000,1.396470,149,-2
0,90000.100000,63.340282,150,-2
1,90000.100000,63.477337,150,-2
5,90000.100000,0.281359,150,-2
6,90000.100000,0.201168,150,-2
7,90000.100000,0.520339,150,-2
8,90000.100000,0.447293,150,-2
9,90000.100000,1.032485,150,-2
10,90000.100000,1.338377,150,-2
11,90000.100000,0.308258,150,-2
12,90000.100000,1.145345,150,-2
13,90000.100000,1.396470,150,-2
0,90600.100000,63.340250,151,-2
1,90600.100000,63.477305,151,-2
5,90600.100000,0.281359,151,-2
6,90600.100000,0.201168,151,-2
7,90600.100000,0.520339,151,-2
8,90600.100000,0.447293,151,-2
9,90600.100000,1.032485,151,-2
10,90600.100000,1.338377,151,-2
11,90600.100000,0.308258,151,-2
12,90600.100000,1.145345,151,-2
13,90600.100000,1.396470,151,-2
0,91200.100000,63.340217,152,-2
1,91200.100000,63.477272,152,-2
5,91200.100000,0.281359,152,-2
6,91200.100000,0.201168,152,-2
7,91200.100000,0.520339,152,-2
8,91200.100000,0.447293,152,-2
9,91200.100000,1.032485,152,-2
10,91200.100000,1.338377,152,-2
11,91200.100000,0.308258,152,-2
12,91200.100000,1.145345,152,-2
13,91200.100000,1.396470,152,-2
0,91800.100000,63.340185,153,-2
1,91800.100000,63.477240,153,-2
5,91800.100000,0.281359,153,-2
6,91800.100000,0.201168,153,-2
7,91800.100000,0.520339,153,-2
8,91800.100000,0.447293,153,-2
9,91800.100000,1.032485,153,-2
10,91800.100000,1.338377,153,-2
11,91800.100000,0.308258,153,-2
12,91800.100000,1.145345,153,-2
13,91800.100000,1.396470,153,-2
0,92400.100000,63.340152,154,-2
1,92400.100000,63.477207,154,-2
5,92400.100000,0.281359,154,-2
6,92400.100000,0.201168,154,-2
7,92400.100000,0.520339,154,-2
8,92400.100000,0.447293,154,-2
9,92400.100000,1.032485,154,-2
10,92400.100000,1.338377,154,-2
11,92400.100000,0.308258,154,-2
12,92400.100000,1.145345,154,-2
13,92400.100000,1.396470,154,-2
0,93000.100000,63.340120,155,-2
1,93000.100000,63.477175,155,-2
5,93000.100000,0.281359,155,-2
6,93000.100000,0.201168,155,-2
7,93000.100000,0.520339,155,-2
8,93000.100000,0.447293,155,-2
9,93000.100000,1.032485,155,-2
10,93000.100000,1.338377,155,-2
11,93000.100000,0.308258,155,-2
12,93000.100000,1.145345,155,-2
13,93000.100000,1.396470,155,-2
0,93600.100000,63.340087,156,-2
1,93600.100000,63.477142,156,-2
5,93600.100000,0.281359,156,-2
6,93600.100000,0.201168,156,-2
7,93600.100000,0.520339,156,-2
8,93600.100000,0.447293,156,-2
9,93600.100000,1.032485,156,-2
10,93600.100000,1.338377,156,-2
11,93600.100000,0.308258,156,-2
12,93600.100000,1.145345,156,-2
13,93600.100000,1.396470,156,-2
0,94200.100000,63.340055,157,-2
1,94200.100000,63.477110,157,-2
5,94200.100000,0.281359,157,-2
6,94200.100000,0.201168,157,-2
7,94200.100000,0.520339,157,-2
8,94200.100000,0.447293,157,-2
9,94200.100000,1.032485,157,-2
10,94200.100000,1.338377,157,-2
11,94200.100000,0.308258,157,-2
12,94200.100000,1.145345,157,-2
13,94200.100000,1.396470,157,-2
0,94800.100000,63.340022,158,-2
1,94800.100000,63.477077,158,-2
5,94800.100000,0.281359,158,-2
6,94800.100000,0.201168,158,-2
7,94800.100000,0.520339,158,-2
8,94800.100000,0.447293,158,-2
9,94800.100000,1.032485,158,-2
10,94800.100000,1.338377,158,-2
11,94800.100000,0.308258,158,-2
12,94800.100000,1.145345,158,-2
13,94800.100000,1.396470,158,-2
0,95400.100000,63.339990,159,-2
1,95400.100000,63.477045,159,-2
5,95400.100000,0.281359,159,-2
6,95400.100000,0.201168,159,-2
7,95400.100000,0.520339,159,-2
8,95400.100000,0.447293,159,-2
9,95400.100000,1.032485,159,-2
10,95400.100000,1.338377,159,-2
11,95400.100000,0.308258,159,-2
12,95400.100000,1.145345,159,-2
13,95400.100000,1.396470,159,-2
0,96000.100000,63.339957,160,-2
1,96000.100000,63.477012,160,-2
5,96000.100000,0.281359,160,-2
6,96000.100000,0.201168,160,-2
7,96000.100000,0.520339,160,-2
8,96000.100000,0.447293,160,-2
9,96000.100000,1.032485,160,-2
10,96000.100000,1.338377,160,-2
11,96000.100000,0.308258,160,-2
12,96000.100000,1.145345,160,-2
13,96000.100000,1.396470,160,-2
0,96600.100000,63.339925,161,-2
1,96600.100000,63.476980,161,-2
5,96600.100000,0.281359,161,-2
6,96600.100000,0.201168,161,-2
7,96600.100000,0.520339,161,-2
8,96600.100000,0.447293,161,-2
9,96600.100000,1.032485,161,-2
10,96600.100000,1.338377,161,-2
11,96600.100000,0.308258,161,-2
12,96600.100000,1.145345,161,-2
13,96600.100000,1.396470,161,-2
0,97200.100000,63.339892,162,-2
1,97200.100000,63.476947,162,-2
5,97200.100000,0.281359,162,-2
6,97200.100000,0.201168,162,-2
7,97200.100000,0.520339,162,-2
8,97200.100000,0.447293,162,-2
9,97200.100000,1.032485,162,-2
10,97200.100000,1.338377,162,-2
11,97200.100000,0.308258,162,-2
12,97200.100000,1.145345,162,-2
13,97200.100000,1.396470,162,-2
0,97800.100000,63.339860,163,-2
1,97800.100000,63.476915,163,-2
5,97800.100000,0.281359,163,-2
6,97800.100000,0.201168,163,-2
7,97800.100000,0.520339,163,-2
8,97800.100000,0.447293,163,-2
9,97800.100000,1.032485,163,-2
10,97800.100000,1.338377,163,-2
11,97800.100000,0.308258,163,-2
12,97800.100000,1.145345,163,-2
13,97800.100000,1.396470,163,-2
0,98400.100000,63.339827,164,-2
1,98400.100000,63.476882,164,-2
5,98400.100000,0.281359,164,-2
6,98400.100000,0.201168,164,-2
7,98400.100000,0.520339,164,-2
8,98400.100000,0.447293,164,-2
9,98400.100000,1.032485,164,-2
10,98400.100000,1.338377,164,-2
11,98400.100000,0.308258,164,-2
12,98400.100000,1.145345,164,-2
13,98400.100000,1.396470,164,-2
0,99000.100000,63.339795,165,-2
1,99000.100000,63.476850,165,-2
5,99000.100000,0.281359,165,-2
6,99000.100000,0.201168,165,-2
7,99000.100000,0.520339,165,-2
8,99000.100000,0.447293,165,-2
9,99000.100000,1.032485,165,-2
10,99000.100000,1.338377,165,-2
11,99000.100000,0.308258,165,-2
12,99000.100000,1.145345,165,-2
13,99000.100000,1.396470,165,-2
0,99600.100000,63.339762,166,-2
1,99600.100000,63.476817,166,-2
5,99600.100000,0.281359,166,-2
6,99600.100000,0.201168,166,-2
7,99600.100000,0.520339,166,-2
8,99600.100000,0.447293,166,-2
9,99600.100000,1.032485,166,-2
10,99600.100000,1.338377,166,-2
11,99600.100000,0.308258,166,-2
12,99600.100000,1.145345,166,-2
13,99600.100000,1.396470,166,-2
0,100200.100000,63.339730,167,-2
1,100200.100000,63.476785,167,-2
5,100200.100000,0.281359,167,-2
6,100200.100000,0.201168,167,-2
7,100200.100000,0.520339,167,-2
8,100200.100000,0.447293,167,-2
9,100200.100000,1.032485,167,-2
10,100200.100000,1.338377,167,-2
11,100200.100000,0.308258,167,-2
12,100200.100000,1.145345,167,-2
13,100200.100000,1.396470,167,-2
0,100800.100000,63.339697,168,-2
1,100800.100000,63.476752,168,-2
5,100800.100000,0.281359,168,-2
6,100800.100000,0.201168,168,-2
7,100800.100000,0.520339,168,-2
8,100800.100000,0.447293,168,-2
9,100800.100000,1.032485,168,-2
10,100800.100000,1.338377,168,-2
11,100800.100000,0.308258,168,-2
12,100800.100000,1.145345,168,-2
13,100800.100000,1.396470,168,-2
0,101400.100000,63.339665,169,-2
1,101400.100000,63.476720,169,-2
5,101400.100000,0.281359,169,-2
6,101400.100000,0.201168,169,-2
7,101400.100000,0.520339,169,-2
8,101400.100000,0.447293,169,-2
9,101400.100000,1.032485,169,-2
10,101400.100000,1.338377,169,-2
11,101400.100000,0.308258,169,-2
12,101400.100000,1.145345,169,-2
13,101400.100000,1.396470,169,-2
0,102000.100000,63.339632,170,-2
1,102000.100000,63.476687,170,-2
5,102000.100000,0.281359,170,-2
6,102000.100000,0.201168,170,-2
7,102000.100000,0.520339,170,-2
8,102000.100000,0.447293,170,-2
9,102000.100000,1.032485,170,-2
10,102000.100000,1.338377,170,-2
11,102000.100000,0.308258,170,-2
12,102000.100000,1.145345,170,-2
13,102000.100000,1.396470,170,-2
0,102600.100000,63.339600,171,-2
1,102600.100000,63.476655,171,-2
5,102600.100000,0.281359,171,-2
6,102600.100000,0.201168,171,-2
7,102600.100000,0.520339,171,-2
8,102600.100000,0.447293,171,-2
9,102600.100000,1.032485,171,-2
10,102600.100000,1.338377,171,-2
11,102600.100000,0.308258,171,-2
12,102600.100000,1.145345,171,-2
13,102600.100000,1.396470,171,-2
0,103200.100000,63.339567,172,-2
1,103200.100000,63.476622,172,-2
5,103200.100000,0.281359,172,-2
6,103200.100000,0.201168,172,-2
7,103200.100000,0.520339,172,-2
8,103200.100000,0.447293,172,-2
9,103200.100000,1.032485,172,-2
10,103200.100000,1.338377,172,-2
11,103200.100000,0.308258,172,-2
12,103200.100000,1.145345,172,-2
13,103200.100000,1.396470,172,-2
0,103800.100000,63.339535,173,-2
1,103800.100000,63.476590,173,-2
5,103800.100000,0.281359,173,-2
6,103800.100000,0.201168,173,-2
7,103800.100000,0.520339,173,-2
8,103800.100000,0.447293,173,-2
9,103800.100000,1.032485,173,-2
10,103800.100000,1.338377,173,-2
11,103800.100000,0.308258,173,-2
12,103800.100000,1.145345,173,-2
13,103800.100000,1.396470,173,-2
0,104400.100000,63.339502,174,-2
1,104400.100000,63.476557,174,-2
5,104400.100000,0.281359,174,-2
6,104400.100000,0.201168,174,-2
7,104400.100000,0.520339,174,-2
8,104400.100000,0.447293,174,-2
9,104400.100000,1.032485,174,-2
10,104400.100000,1.338377,174,-2
11,104400.100000,0.308258,174,-2
12,104400.100000,1.145345,174,-2
13,104400.100000,1.396470,174,-2
0,105000.100000,63.339470,175,-2
1,105000.100000,63.476525,175,-2
5,105000.100000,0.281359,175,-2
6,105000.100000,0.201168,175,-2
7,105000.100000,0.520339,175,-2
8,105000.100000,0.447293,175,-2
9,105000.100000,1.032485,175,-2
10,105000.100000,1.338377,175,-2
11,105000.100000,0.308258,175,-2
12,105000.100000,1.145345,175,-2
13,105000.100000,1.396470,175,-2
0,105600.100000,63.339437,176,-2
1,105600.100000,63.476492,176,-2
5,105600.100000,0.281359,176,-2
6,105600.100000,0.201168,176,-2
7,105600.100000,0.520339,176,-2
8,105600.100000,0.447293,176,-2
9,105600.100000,1.032485,176,-2
10,105600.100000,1.338377,176,-2
11,105600.100000,0.308258,176,-2
12,105600.100000,1.145345,176,-2
13,105600.100000,1.396470,176,-2
0,106200.100000,63.339405,177,-2
1,106200.100000,63.476460,177,-2
5,106200.100000,0.281359,177,-2
6,106200.100000,0.201168,177,-2
7,106200.100000,0.520339,177,-2
8,106200.100000,0.447293,177,-2
9,106200.100000,1.032485,177,-2
10,106200.100000,1.338377,177,-2
11,106200.100000,0.308258,177,-2
12,106200.100000,1.145345,177,-2
13,106200.100000,1.396470,177,-2
0,106800.100000,63.339372,178,-2
1,106800.100000,63.476427,178,-2
5,106800.100000,0.281359,178,-2
6,106800.100000,0.201168,178,-2
7,106800.100000,0.520339,178,-2
8,106800.100000,0.447293,178,-2
9,106800.100000,1.032485,178,-2
10,106800.100000,1.338377,178,-2
11,106800.100000,0.308258,178,-2
12,106800.100000,1.145345,178,-2
13,106800.100000,1.396470,178,-2
0,107400.100000,63.339340,179,-2
1,107400.100000,63.476395,179,-2
5,107400.100000,0.281359,179,-2
6,107400.100000,0.201168,179,-2
7,107400.100000,0.520339,179,-2
8,107400.100000,0.447293,179,-2
9,107400.100000,1.032485,179,-2
10,107400.100000,1.338377,179,-2
11,107400.100000,0.308258,179,-2
12,107400.100000,1.145345,179,-2
13,107400.100000,1.396470,179,-2
0,108000.100000,63.339307,180,-2
1,108000.100000,63.476362,180,-2
5,108000.100000,0.281359,180,-2
6,108000.100000,0.201168,180,-2
7,108000.100000,0.520339,180,-2
8,108000.100000,0.447293,180,-2
9,108000.100000,1.032485,180,-2
10,108000.100000,1.338377,180,-2
11,108000.100000,0.308258,180,-2
12,108000.100000,1.145345,180,-2
13,108000.100000,1.396470,180,-2
0,108600.100000,63.339275,181,-2
1,108600.100000,63.476330,181,-2
5,108600.100000,0.281359,181,-2
6,108600.100000,0.201168,181,-2
7,108600.100000,0.520339,181,-2
8,108600.100000,0.447293,181,-2
9,108600.100000,1.032485,181,-2
10,108600.100000,1.338377,181,-2
11,108600.100000,0.308258,181,-2
12,108600.100000,1.145345,181,-2
13,108600.100000,1.396470,181,-2
0,109200.100000,63.339242,182,-2
1,109200.100000,63.476297,182,-2
5,109200.100000,0.281359,182,-2
6,109200.100000,0.201168,182,-2
7,109200.100000,0.520339,182,-2
8,109200.100000,0.447293,182,-2
9,109200.100000,1.032485,182,-2
10,109200.100000,1.338377,182,-2
11,109200.100000,0.308258,182,-2
12,109200.100000,1.145345,182,-2
13,109200.100000,1.396470,182,-2
0,109800.100000,63.339210,183,-2
1,109800.100000,63.476265,183,-2
5,109800.100000,0.281359,183,-2
6,109800.100000,0.201168,183,-2
7,109800.100000,0.520339,183,-2
8,109800.100000,0.447293,183,-2
9,109800.100000,1.032485,183,-2
10,109800.100000,1.338377,183,-2
11,109800.100000,0.308258,183,-2
12,109800.100000,1.145345,183,-2
13,109800.100000,1.396470,183,-2
0,110400.100000,63.339177,184,-2
1,110400.100000,63.476232,184,-2
5,110400.100000,0.281359,184,-2
6,110400.100000,0.201168,184,-2
7,110400.100000,0.520339,184,-2
8,110400.100000,0.447293,184,-2
9,110400.100000,1.032485,184,-2
10,110400.100000,1.338377,184,-2
11,110400.100000,0.308258,184,-2
12,110400.100000,1.145345,184,-2
13,110400.100000,1.396470,184,-2
0,111000.100000,63.339145,185,-2
1,111000.100000,63.476200,185,-2
5,111000.100000,0.281359,185,-2
6,111000.100000,0.201168,185,-2
7,111000.100000,0.520339,185,-2
8,111000.100000,0.447293,185,-2
9,111000.100000,1.032485,185,-2
10,111000.100000,1.338377,185,-2
11,111000.100000,0.308258,185,-2
12,111000.100000,1.145345,185,-2
13,111000.100000,1.396470,185,-2
0,111600.100000,63.339112,186,-2
1,111600.100000,63.476167,186,-2
5,111600.100000,0.281359,186,-2
6,111600.100000,0.201168,186,-2
7,111600.100000,0.520339,186,-2
8,111600.100000,0.447293,186,-2
9,111600.100000,1.032485,186,-2
10,111600.100000,1.338377,186,-2
11,111600.100000,0.308258,186,-2
12,111600.100000,1.145345,186,-2
13,111600.100000,1.396470,186,-2
0,112200.100000,63.339080,187,-2
1,112200.100000,63.476135,187,-2
5,112200.100000,0.281359,187,-2
6,112200.100000,0.201168,187,-2
7,112200.100000,0.520339,187,-2
8,112200.100000,0.447293,187,-2
9,112200.100000,1.032485,187,-2
10,112200.100000,1.338377,187,-2
11,112200.100000,0.308258,187,-2
12,112200.100000,1.145345,187,-2
13,112200.100000,1.396470,187,-2
0,112800.100000,63.339047,188,-2
1,112800.100000,63.476102,188,-2
5,112800.100000,0.281359,188,-2
6,112800.100000,0.201168,188,-2
7,112800.100000,0.520339,188,-2
8,112800.100000,0.447293,188,-2
9,112800.100000,1.032485,188,-2
10,112800.100000,1.338377,188,-2
11,112800.100000,0.308258,188,-2
12,112800.100000,1.145345,188,-2
13,112800.100000,1.396470,188,-2
0,113400.100000,63.339015,189,-2
1,113400.100000,63.476070,189,-2
5,113400.100000,0.281359,189,-2
6,113400.100000,0.201168,189,-2
7,113400.100000,0.520339,189,-2
8,113400.100000,0.447293,189,-2
9,113400.100000,1.032485,189,-2
10,113400.100000,1.338377,189,-2
11,113400.100000,0.308258,189,-2
12,113400.100000,1.145345,189,-2
13,113400.100000,1.396470,189,-2
0,114000.100000,63.338982,190,-2
1,114000.100000,63.476037,190,-2
5,114000.100000,0.281359,190,-2
6,114000.100000,0.201168,190,-2
7,114000.100000,0.520339,190,-2
8,114000.100000,0.447293,190,-2
9,114000.100000,1.032485,190,-2
10,114000.100000,1.338377,190,-2
11,114000.100000,0.308258,190,-2
12,114000.100000,1.145345,190,-2
13,114000.100000,1.396470,190,-2
0,114600.100000,63.338950,191,-2
1,114600.100000,63.476005,191,-2
5,114600.100000,0.281359,191,-2
6,114600.100000,0.201168,191,-2
7,114600.100000,0.520339,191,-2
8,114600.100000,0.447293,191,-2
9,114600.100000,1.032485,191,-2
10,114600.100000,1.338377,191,-2
11,114600.100000,0.308258,191,-2
12,114600.100000,1.145345,191,-2
13,114600.100000,1.396470,191,-2
0,115200.100000,63.338917,192,-2
1,115200.100000,63.475972,192,-2
5,115200.100000,0.281359,192,-2
6,115200.100000,0.201168,192,-2
7,115200.100000,0.520339,192,-2
8,115200.100000,0.447293,192,-2
9,115200.100000,1.032485,192,-2
10,115200.100000,1.338377,192,-2
11,115200.100000,0.308258,192,-2
12,115200.100000,1.145345,192,-2
13,115200.100000,1.396470,192,-2
0,115800.100000,63.338885,193,-2
1,115800.100000,63.475940,193,-2
5,115800.100000,0.281359,193,-2
6,115800.100000,0.201168,193,-2
7,115800.100000,0.520339,193,-2
8,115800.100000,0.447293,193,-2
9,115800.100000,1.032485,193,-2
10,115800.100000,1.338377,193,-2
11,115800.100000,0.308258,193,-2
12,115800.100000,1.145345,193,-2
13,115800.100000,1.396470,193,-2
0,116400.100000,63.338852,194,-2
1,116400.100000,63.475907,194,-2
5,116400.100000,0.281359,194,-2
6,116400.100000,0.201168,194,-2
7,116400.100000,0.520339,194,-2
8,116400.100000,0.447293,194,-2
9,116400.100000,1.032485,194,-2
10,116400.100000,1.338377,194,-2
11,116400.100000,0.308258,194,-2
12,116400.100000,1.145345,194,-2
13,116400.100000,1.396470,194,-2
0,117000.100000,63.338820,195,-2
1,117000.100000,63.475875,195,-2
5,117000.100000,0.281359,195,-2
6,117000.100000,0.201168,195,-2
7,117000.100000,0.520339,195,-2
8,117000.100000,0.447293,195,-2
9,117000.100000,1.032485,195,-2
10,117000.100000,1.338377,195,-2
11,117000.100000,0.308258,195,-2
12,117000.100000,1.145345,195,-2
13,117000.100000,1.396470,195,-2
0,117600.100000,63.338787,196,-2
1,117600.100000,63.475842,196,-2
5,117600.100000,0.281359,196,-2
6,117600.100000,0.201168,196,-2
7,117600.100000,0.520339,196,-2
8,117600.100000,0.447293,196,-2
9,117600.100000,1.032485,196,-2
10,117600.100000,1.338377,196,-2
11,117600.100000,0.308258,196,-2
12,117600.100000,1.145345,196,-2
13,117600.100000,1.396470,196,-2
0,118200.100000,63.338755,197,-2
1,118200.100000,63.475810,197,-2
5,118200.100000,0.281359,197,-2
6,118200.100000,0.201168,197,-2
7,118200.100000,0.520339,197,-2
8,118200.100000,0.447293,197,-2
9,118200.100000,1.032485,197,-2
10,118200.100000,1.338377,197,-2
11,118200.100000,0.308258,197,-2
12,118200.100000,1.145345,197,-2
13,118200.100000,1.396470,197,-2
0,118800.100000,63.338722,198,-2
1,118800.100000,63.475777,198,-2
5,118800.100000,0.281359,198,-2
6,118800.100000,0.201168,198,-2
7,118800.100000,0.520339,198,-2
8,118800.100000,0.447293,198,-2
9,118800.100000,1.032485,198,-2
10,118800.100000,1.338377,198,-2
11,118800.100000,0.308258,198,-2
12,118800.100000,1.145345,198,-2
13,118800.100000,1.396470,198,-2
0,119400.100000,63.338690,199,-2
1,119400.100000,63.475745,199,-2
5,119400.100000,0.281359,199,-2
6,119400.100000,0.201168,199,-2
7,119400.100000,0.520339,199,-2
8,119400.100000,0.447293,199,-2
9,119400.100000,1.032485,199,-2
10,119400.100000,1.338377,199,-2
11,119400.100000,0.308258,199,-2
12,119400.100000,1.145345,199,-2
13,119400.100000,1.396470,199,-2
0,120000.100000,63.338657,200,-2
1,120000.100000,63.475712,200,-2
5,120000.100000,0.281359,200,-2
6,120000.100000,0.201168,200,-2
7,120000.100000,0.520339,200,-2
8,120000.100000,0.447293,200,-2
9,120000.100000,1.032485,200,-2
10,120000.100000,1.338377,200,-2
11,120000.100000,0.308258,200,-2
12,120000.100000,1.145345,200,-2
13,120000.100000,1.396470,200,-2
0,120600.100000,63.338625,201,-2
1,120600.100000,63.475680,201,-2
5,120600.100000,0.281359,201,-2
6,120600.100000,0.201168,201,-2
7,120600.100000,0.520339,201,-2
8,120600.100000,0.447293,201,-2
9,120600.100000,1.032485,201,-2
10,120600.100000,1.338377,201,-2
11,120600.100000,0.308258,201,-2
12,120600.100000,1.145345,201,-2
13,120600.100000,1.396470,201,-2
0,121200.100000,63.338592,202,-2
1,121200.100000,63.475647,202,-2
5,121200.100000,0.281359,202,-2
6,121200.100000,0.201168,202,-2
7,121200.100000,0.520339,202,-2
8,121200.100000,0.447293,202,-2
9,121200.100000,1.032485,202,-2
10,121200.100000,1.338377,202,-2
11,121200.100000,0.308258,202,-2
12,121200.100000,1.145345,202,-2
13,121200.100000,1.396470,202,-2
0,121800.100000,63.338560,203,-2
1,121800.100000,63.475615,203,-2
5,121800.100000,0.281359,203,-2
6,121800.100000,0.201168,203,-2
7,121800.100000,0.520339,203,-2
8,121800.100000,0.447293,203,-2
9,121800.100000,1.032485,203,-2
10,121800.100000,1.338377,203,-2
11,121800.100000,0.308258,203,-2
12,121800.100000,1.145345,203,-2
13,121800.100000,1.396470,203,-2
0,122400.100000,63.338527,204,-2
1,122400.100000,63.475582,204,-2
5,122400.100000,0.281359,204,-2
6,122400.100000,0.201168,204,-2
7,122400.100000,0.520339,204,-2
8,122400.100000,0.447293,204,-2
9,122400.100000,1.032485,204,-2
10,122400.100000,1.338377,204,-2
11,122400.100000,0.308258,204,-2
12,122400.100000,1.145345,204,-2
13,122400.100000,1.396470,204,-2
0,123000.100000,63.338495,205,-2
1,123000.100000,63.475550,205,-2
5,123000.100000,0.281359,205,-2
6,123000.100000,0.201168,205,-2
7,123000.100000,0.520339,205,-2
8,123000.100000,0.447293,205,-2
9,123000.100000,1.032485,205,-2
10,123000.100000,1.338377,205,-2
11,123000.100000,0.308258,205,-2
12,123000.100000,1.145345,205,-2
13,123000.100000,1.396470,205,-2
0,123600.100000,63.338462,206,-2
1,123600.100000,63.475517,206,-2
5,123600.100000,0.281359,206,-2
6,123600.100000,0.201168,206,-2
7,123600.100000,0.520339,206,-2
8,123600.100000,0.447293,206,-2
9,123600.100000,1.032485,206,-2
10,123600.100000,1.338377,206,-2
11,123600.100000,0.308258,206,-2
12,123600.100000,1.145345,206,-2
13,123600.100000,1.396470,206,-2
0,124200.100000,63.338430,207,-2
1,124200.100000,63.475485,207,-2
5,124200.100000,0.281359,207,-2
6,124200.100000,0.201168,207,-2
7,124200.100000,0.520339,207,-2
8,124200.100000,0.447293,207,-2
9,124200.100000,1.032485,207,-2
10,124200.100000,1.338377,207,-2
11,124200.100000,0.308258,207,-2
12,124200.100000,1.145345,207,-2
13,124200.100000,1.396470,207,-2
0,124800.100000,63.338397,208,-2
1,124800.100000,63.475452,208,-2
5,124800.100000,0.281359,208,-2
6,124800.100000,0.201168,208,-2
7,124800.100000,0.520339,208,-2
8,124800.100000,0.447293,208,-2
9,124800.100000,1.032485,208,-2
10,124800.100000,1.338377,208,-2
11,124800.100000,0.308258,208,-2
12,124800.100000,1.145345,208,-2
13,124800.100000,1.396470,208,-2
0,125400.100000,63.338365,209,-2
1,125400.100000,63.475420,209,-2
5,125400.100000,0.281359,209,-2
6,125400.100000,0.201168,209,-2
7,125400.100000,0.520339,209,-2
8,125400.100000,0.447293,209,-2
9,125400.100000,1.032485,209,-2
10,125400.100000,1.338377,209,-2
11,125400.100000,0.308258,209,-2
12,125400.100000,1.145345,209,-2
13,125400.100000,1.396470,209,-2
0,126000.100000,63.338332,210,-2
1,126000.100000,63.475387,210,-2
5,126000.100000,0.281359,210,-2
6,126000.100000,0.201168,210,-2
7,126000.100000,0.520339,210,-2
8,126000.100000,0.447293,210,-2
9,126000.100000,1.032485,210,-2
10,126000.100000,1.338377,210,-2
11,126000.100000,0.308258,210,-2
12,126000.100000,1.145345,210,-2
13,126000.100000,1.396470,210,-2
0,126600.100000,63.338300,211,-2
1,126600.100000,63.475355,211,-2
5,126600.100000,0.281359,211,-2
6,126600.100000,0.201168,211,-2
7,126600.100000,0.520339,211,-2
8,126600.100000,0.447293,211,-2
9,126600.100000,1.032485,211,-2
10,126600.100000,1.338377,211,-2
11,126600.100000,0.308258,211,-2
12,126600.100000,1.145345,211,-2
13,126600.100000,1.396470,211,-2
0,127200.100000,63.338267,212,-2
1,127200.100000,63.475322,212,-2
5,127200.100000,0.281359,212,-2
6,127200.100000,0.201168,212,-2
7,127200.100000,0.520339,212,-2
8,127200.100000,0.447293,212,-2
9,127200.100000,1.032485,212,-2
10,127200.100000,1.338377,212,-2
11,127200.100000,0.308258,212,-2
12,127200.100000,1.145345,212,-2
13,127200.100000,1.396470,212,-2
0,127800.100000,63.338235,213,-2
1,127800.100000,63.475290,213,-2
5,127800.100000,0.281359,213,-2
6,127800.100000,0.201168,213,-2
7,127800.100000,0.520339,213,-2
8,127800.100000,0.447293,213,-2
9,127800.100000,1.032485,213,-2
10,127800.100000,1.338377,213,-2
11,127800.100000,0.308258,213,-2
12,127800.100000,1.145345,213,-2
13,127800.100000,1.396470,213,-2
0,128400.100000,63.338202,214,-2
1,128400.100000,63.475257,214,-2
5,128400.100000,0.281359,214,-2
6,128400.100000,0.201168,214,-2
7,128400.100000,0.520339,214,-2
8,128400.100000,0.447293,214,-2
9,128400.100000,1.032485,214,-2
10,128400.100000,1.338377,214,-2
11,128400.100000,0.308258,214,-2
12,128400.100000,1.145345,214,-2
13,128400.100000,1.396470,214,-2
0,129000.100000,63.338170,215,-2
1,129000.100000,63.475225,215,-2
5,129000.100000,0.281359,215,-2
6,129000.100000,0.201168,215,-2
7,129000.100000,0.520339,215,-2
8,129000.100000,0.447293,215,-2
9,129000.100000,1.032485,215,-2
10,129000.100000,1.338377,215,-2
11,129000.100000,0.308258,215,-2
12,129000.100000,1.145345,215,-2
13,129000.100000,1.396470,215,-2
0,129600.100000,63.338137,216,-2
1,129600.100000,63.475192,216,-2
5,129600.100000,0.281359,216,-2
6,129600.100000,0.201168,216,-2
7,129600.100000,0.520339,216,-2
8,129600.100000,0.447293,216,-2
9,129600.100000,1.032485,216,-2
10,129600.100000,1.338377,216,-2
11,129600.100000,0.308258,216,-2
12,129600.100000,1.145345,216,-2
13,129600.100000,1.396470,216,-2
0,130200.100000,63.338105,217,-2
1,130200.100000,63.475160,217,-2
5,130200.100000,0.281359,217,-2
6,130200.100000,0.201168,217,-2
7,130200.100000,0.520339,217,-2
8,130200.100000,0.447293,217,-2
9,130200.100000,1.032485,217,-2
10,130200.100000,1.338377,217,-2
11,130200.100000,0.308258,217,-2
12,130200.100000,1.145345,217,-2
13,130200.100000,1.396470,217,-2
0,130800.100000,63.338072,218,-2
1,130800.100000,63.475127,218,-2
5,130800.100000,0.281359,218,-2
6,130800.100000,0.201168,218,-2
7,130800.100000,0.520339,218,-2
8,130800.100000,0.447293,218,-2
9,130800.100000,1.032485,218,-2
10,130800.100000,1.338377,218,-2
11,130800.100000,0.308258,218,-2
12,130800.100000,1.145345,218,-2
13,130800.100000,1.396470,218,-2
0,131400.100000,63.338040,219,-2
1,131400.100000,63.475095,219,-2
5,131400.100000,0.281359,219,-2
6,131400.100000,0.201168,219,-2
7,131400.100000,0.520339,219,-2
8,131400.100000,0.447293,219,-2
9,131400.100000,1.032485,219,-2
10,131400.100000,1.338377,219,-2
11,131400.100000,0.308258,219,-2
12,131400.100000,1.145345,219,-2
13,131400.100000,1.396470,219,-2
0,132000.100000,63.338007,220,-2
1,132000.100000,63.475062,220,-2
5,132000.100000,0.281359,220,-2
6,132000.100000,0.201168,220,-2
7,132000.100000,0.520339,220,-2
8,132000.100000,0.447293,220,-2
9,132000.100000,1.032485,220,-2
10,132000.100000,1.338377,220,-2
11,132000.100000,0.308258,220,-2
12,132000.100000,1.145345,220,-2
13,132000.100000,1.396470,220,-2
0,132600.100000,63.337975,221,-2
1,132600.100000,63.475030,221,-2
5,132600.100000,0.281359,221,-2
6,132600.100000,0.201168,221,-2
7,132600.100000,0.520339,221,-2
8,132600.100000,0.447293,221,-2
9,132600.100000,1.032485,221,-2
10,132600.100000,1.338377,221,-2
11,132600.100000,0.308258,221,-2
12,132600.100000,1.145345,221,-2
13,132600.100000,1.396470,221,-2
0,133200.100000,63.337942,222,-2
1,133200.100000,63.474997,222,-2
5,133200.100000,0.281359,222,-2
6,133200.100000,0.201168,222,-2
7,133200.100000,0.520339,222,-2
8,133200.100000,0.447293,222,-2
9,133200.100000,1.032485,222,-2
10,133200.100000,1.338377,222,-2
11,133200.100000,0.308258,222,-2
12,133200.100000,1.145345,222,-2
13,133200.100000,1.396470,222,-2
0,133800.100000,63.337910,223,-2
1,133800.100000,63.474965,223,-2
5,133800.100000,0.281359,223,-2
6,133800.100000,0.201168,223,-2
7,133800.100000,0.520339,223,-2
8,133800.100000,0.447293,223,-2
9,133800.100000,1.032485,223,-2
10,133800.100000,1.338377,223,-2
11,133800.100000,0.308258,223,-2
12,133800.100000,1.145345,223,-2
13,133800.100000,1.396470,223,-2
0,134400.100000,63.337877,224,-2
1,134400.100000,63.474932,224,-2
5,134400.100000,0.281359,224,-2
6,134400.100000,0.201168,224,-2
7,134400.100000,0.520339,224,-2
8,134400.100000,0.447293,224,-2
9,134400.100000,1.032485,224,-2
10,134400.100000,1.338377,224,-2
11,134400.100000,0.308258,224,-2
12,134400.100000,1.145345,224,-2
13,134400.100000,1.396470,224,-2
0,135000.100000,63.337845,225,-2
1,135000.100000,63.474900,225,-2
5,135000.100000,0.281359,225,-2
6,135000.100000,0.201168,225,-2
7,135000.100000,0.520339,225,-2
8,135000.100000,0.447293,225,-2
9,135000.100000,1.032485,225,-2
10,135000.100000,1.338377,225,-2
11,135000.100000,0.308258,225,-2
12,135000.100000,1.145345,225,-2
13,135000.100000,1.396470,225,-2
0,135600.100000,63.337812,226,-2
1,135600.100000,63.474867,226,-2
5,135600.100000,0.281359,226,-2
6,135600.100000,0.201168,226,-2
7,135600.100000,0.520339,226,-2
8,135600.100000,0.447293,226,-2
9,135600.100000,1.032485,226,-2
10,135600.100000,1.338377,226,-2
11,135600.100000,0.308258,226,-2
12,135600.100000,1.145345,226,-2
13,135600.100000,1.396470,226,-2
0,136200.100000,63.337780,227,-2
1,136200.100000,63.474835,227,-2
5,136200.100000,0.281359,227,-2
6,136200.100000,0.201168,227,-2
7,136200.100000,0.520339,227,-2
8,136200.100000,0.447293,227,-2
9,136200.100000,1.032485,227,-2
10,136200.100000,1.338377,227,-2
11,136200.100000,0.308258,227,-2
12,136200.100000,1.145345,227,-2
13,136200.100000,1.396470,227,-2
0,136800.100000,63.337747,228,-2
1,136800.100000,63.474802,228,-2
5,136800.100000,0.281359,228,-2
6,136800.100000,0.201168,228,-2
7,136800.100000,0.520339,228,-2
8,136800.100000,0.447293,228,-2
9,136800.100000,1.032485,228,-2
10,136800.100000,1.338377,228,-2
11,136800.100000,0.308258,228,-2
12,136800.100000,1.145345,228,-2
13,136800.100000,1.396470,228,-2
0,137400.100000,63.337715,229,-2
1,137400.100000,63.474770,229,-2
5,137400.100000,0.281359,229,-2
6,137400.100000,0.201168,229,-2
7,137400.100000,0.520339,229,-2
8,137400.100000,0.447293,229,-2
9,137400.100000,1.032485,229,-2
10,137400.100000,1.338377,229,-2
11,137400.100000,0.308258,229,-2
12,137400.100000,1.145345,229,-2
13,137400.100000,1.396470,229,-2
0,138000.100000,63.337682,230,-2
1,138000.100000,63.474737,230,-2
5,138000.100000,0.281359,230,-2
6,138000.100000,0.201168,230,-2
7,138000.100000,0.520339,230,-2
8,138000.100000,0.447293,230,-2
9,138000.100000,1.032485,230,-2
10,138000.100000,1.338377,230,-2
11,138000.100000,0.308258,230,-2
12,138000.100000,1.145345,230,-2
13,138000.100000,1.396470,230,-2
0,138600.100000,63.337650,231,-2
1,138600.100000,63.474705,231,-2
5,138600.100000,0.281359,231,-2
6,138600.100000,0.201168,231,-2
7,138600.100000,0.520339,231,-2
8,138600.100000,0.447293,231,-2
9,138600.100000,1.032485,231,-2
10,138600.100000,1.338377,231,-2
11,138600.100000,0.308258,231,-2
12,138600.100000,1.145345,231,-2
13,138600.100000,1.396470,231,-2
0,139200.100000,63.337617,232,-2
1,139200.100000,63.474672,232,-2
5,139200.100000,0.281359,232,-2
6,139200.100000,0.201168,232,-2
7,139200.100000,0.520339,232,-2
8,139200.100000,0.447293,232,-2
9,139200.100000,1.032485,232,-2
10,139200.100000,1.338377,232,-2
11,139200.100000,0.308258,232,-2
12,139200.100000,1.145345,232,-2
13,139200.100000,1.396470,232,-2
0,139800.100000,63.337585,233,-2
1,139800.100000,63.474640,233,-2
5,139800.100000,0.281359,233,-2
6,139800.100000,0.201168,233,-2
7,139800.100000,0.520339,233,-2
8,139800.100000,0.447293,233,-2
9,139800.100000,1.032485,233,-2
10,139800.100000,1.338377,233,-2
11,139800.100000,0.308258,233,-2
12,139800.100000,1.145345,233,-2
13,139800.100000,1.396470,233,-2
0,140400.100000,63.337552,234,-2
1,140400.100000,63.474607,234,-2
5,140400.100000,0.281359,234,-2
6,140400.100000,0.201168,234,-2
7,140400.100000,0.520339,234,-2
8,140400.100000,0.447293,234,-2
9,140400.100000,1.032485,234,-2
10,140400.100000,1.338377,234,-2
11,140400.100000,0.308258,234,-2
12,140400.100000,1.145345,234,-2
13,140400.100000,1.396470,234,-2
0,141000.100000,63.337520,235,-2
1,141000.100000,63.474575,235,-2
5,141000.100000,0.281359,235,-2
6,141000.100000,0.201168,235,-2
7,141000.100000,0.520339,235,-2
8,141000.100000,0.447293,235,-2
9,141000.100000,1.032485,235,-2
10,141000.100000,1.338377,235,-2
11,141000.100000,0.308258,235,-2
12,141000.100000,1.145345,235,-2
13,141000.100000,1.396470,235,-2
0,141600.100000,63.337487,236,-2
1,141600.100000,63.474542,236,-2
5,141600.100000,0.281359,236,-2
6,141600.100000,0.201168,236,-2
7,141600.100000,0.520339,236,-2
8,141600.100000,0.447293,236,-2
9,141600.100000,1.032485,236,-2
10,141600.100000,1.338377,236,-2
11,141600.100000,0.308258,236,-2
12,141600.100000,1.145345,236,-2
13,141600.100000,1.396470,236,-2
0,142200.100000,63.337455,237,-2
1,142200.100000,63.474510,237,-2
5,142200.100000,0.281359,237,-2
6,142200.100000,0.201168,237,-2
7,142200.100000,0.520339,237,-2
8,142200.100000,0.447293,237,-2
9,142200.100000,1.032485,237,-2
10,142200.100000,1.338377,237,-2
11,142200.100000,0.308258,237,-2
12,142200.100000,1.145345,237,-2
13,142200.100000,1.396470,237,-2
0,142800.100000,63.337422,238,-2
1,142800.100000,63.474477,238,-2
5,142800.100000,0.281359,238,-2
6,142800.100000,0.201168,238,-2
7,142800.100000,0.520339,238,-2
8,142800.100000,0.447293,238,-2
9,142800.100000,1.032485,238,-2
10,142800.100000,1.338377,238,-2
11,142800.100000,0.308258,238,-2
12,142800.100000,1.145345,238,-2
13,142800.100000,1.396470,238,-2
0,143400.100000,63.337390,239,-2
1,143400.100000,63.474445,239,-2
5,143400.100000,0.281359,239,-2
6,143400.100000,0.201168,239,-2
7,143400.100000,0.520339,239,-2
8,143400.100000,0.447293,239,-2
9,143400.100000,1.032485,239,-2
10,143400.100000,1.338377,239,-2
11,143400.100000,0.308258,239,-2
12,143400.100000,1.145345,239,-2
13,143400.100000,1.396470,239,-2
0,144000.100000,63.337357,240,-2
1,144000.100000,63.474412,240,-2
5,144000.100000,0.281359,240,-2
6,144000.100000,0.201168,240,-2
7,144000.100000,0.520339,240,-2
8,144000.100000,0.447293,240,-2
9,144000.100000,1.032485,240,-2
10,144000.100000,1.338377,240,-2
11,144000.100000,0.308258,240,-2
12,144000.100000,1.145345,240,-2
13,144000.100000,1.396470,240,-2
0,144600.100000,63.337325,241,-2
1,144600.100000,63.474380,241,-2
5,144600.100000,0.281359,241,-2
6,144600.100000,0.201168,241,-2
7,144600.100000,0.520339,241,-2
8,144600.100000,0.447293,241,-2
9,144600.100000,1.032485,241,-2
10,144600.100000,1.338377,241,-2
11,144600.100000,0.308258,241,-2
12,144600.100000,1.145345,241,-2
13,144600.100000,1.396470,241,-2
0,145200.100000,63.337292,242,-2
1,145200.100000,63.474347,242,-2
5,145200.100000,0.281359,242,-2
6,145200.100000,0.201168,242,-2
7,145200.100000,0.520339,242,-2
8,145200.100000,0.447293,242,-2
9,145200.100000,1.032485,242,-2
10,145200.100000,1.338377,242,-2
11,145200.100000,0.308258,242,-2
12,145200.100000,1.145345,242,-2
13,145200.100000,1.396470,242,-2
0,145800.100000,63.337260,243,-2
1,145800.100000,63.474315,243,-2
5,145800.100000,0.281359,243,-2
6,145800.100000,0.201168,243,-2
7,145800.100000,0.520339,243,-2
8,145800.100000,0.447293,243,-2
9,145800.100000,1.032485,243,-2
10,145800.100000,1.338377,243,-2
11,145800.100000,0.308258,243,-2
12,145800.100000,1.145345,243,-2
13,145800.100000,1.396470,243,-2
0,146400.100000,63.337227,244,-2
1,146400.100000,63.474282,244,-2
5,146400.100000,0.281359,244,-2
6,146400.100000,0.201168,244,-2
7,146400.100000,0.520339,244,-2
8,146400.100000,0.447293,244,-2
9,146400.100000,1.032485,244,-2
10,146400.100000,1.338377,244,-2
11,146400.100000,0.308258,244,-2
12,146400.100000,1.145345,244,-2
13,146400.100000,1.396470,244,-2
0,147000.100000,63.337195,245,-2
1,147000.100000,63.474250,245,-2
5,147000.100000,0.281359,245,-2
6,147000.100000,0.201168,245,-2
7,147000.100000,0.520339,245,-2
8,147000.100000,0.447293,245,-2
9,147000.100000,1.032485,245,-2
10,147000.100000,1.338377,245,-2
11,147000.100000,0.308258,245,-2
12,147000.100000,1.145345,245,-2
13,147000.100000,1.396470,245,-2
0,147600.100000,63.337162,246,-2
1,147600.100000,63.474217,246,-2
5,147600.100000,0.281359,246,-2
6,147600.100000,0.201168,246,-2
7,147600.100000,0.520339,246,-2
8,147600.100000,0.447293,246,-2
9,147600.100000,1.032485,246,-2
10,147600.100000,1.338377,246,-2
11,147600.100000,0.308258,246,-2
12,147600.100000,1.145345,246,-2
13,147600.100000,1.396470,246,-2
0,148200.100000,63.337130,247,-2
1,148200.100000,63.474185,247,-2
5,148200.100000,0.281359,247,-2
6,148200.100000,0.201168,247,-2
7,148200.100000,0.520339,247,-2
8,148200.100000,0.447293,247,-2
9,148200.100000,1.032485,247,-2
10,148200.100000,1.338377,247,-2
11,148200.100000,0.308258,247,-2
12,148200.100000,1.145345,247,-2
13,148200.100000,1.396470,247,-2
0,148800.100000,63.337097,248,-2
1,148800.100000,63.474152,248,-2
5,148800.100000,0.281359,248,-2
6,148800.100000,0.201168,248,-2
7,148800.100000,0.520339,248,-2
8,148800.100000,0.447293,248,-2
9,148800.100000,1.032485,248,-2
10,148800.100000,1.338377,248,-2
11,148800.100000,0.308258,248,-2
12,148800.100000,1.145345,248,-2
13,148800.100000,1.396470,248,-2
0,149400.100000,63.337065,249,-2
