2023-03-02 21:40:52 b'ASR is Waked,LowPower Mode Stopped\r\n'
2023-03-02 21:40:52 b'Time init success!\r\n'
2023-03-02 21:40:52 b'Now sleep:2s. \r\n'
2023-03-02 21:40:54 b'Start running... This device ID is 1, priority is 0.\r\n'
2023-03-02 21:40:54 b'21 40 54 2 3 2023\r\n'
2023-03-02 21:40:54 b'\r\n'
2023-03-02 21:40:54 b'LoRaWAN CN470 Class A start!\r\n'
2023-03-02 21:40:54 b'\r\n'
2023-03-02 21:41:02 b'Auto LowPower Mode\r\n'
2023-03-02 21:41:15 b'LoRaWAN networking... status: 1\r\n'
2023-03-02 21:41:23 b'\r\n'
2023-03-02 21:41:23 b'lorawan receive packet with rssi -16 , snr 12\r\n'
2023-03-02 21:41:23 b'received unconfirmed downlink: rssi = -16, snr = 12, datarate = 5\r\n'
2023-03-02 21:41:23 b'downlink recieved\r\n'
2023-03-02 21:41:24 b'LoRaWAN networking... status: 1\r\n'
2023-03-02 21:41:44 b'LoRaWAN networking... status: 1\r\n'
2023-03-02 21:42:03 b'LoRaWAN networking... status: 1\r\n'
2023-03-02 21:42:04 b'LoRaWAN Init Success!\r\n'
2023-03-02 21:42:04 b'Network will start at: 21 42 54 2 3 23 \r\n'
2023-03-02 21:42:05 b'Now sleep:50s. \xfd'
2023-03-02 21:42:54 b'21 42 54 2 3 2023\r\n'
2023-03-02 21:42:55 b'Networking... This device ID is 1\r\n'
2023-03-02 21:42:55 b'Lorawan mode, sending networking signal.\r\n'
2023-03-02 21:42:55 b'LoraRandomSend start!\r\n'
2023-03-02 21:42:58 b'Now sleep:1s. \xfd'
2023-03-02 21:42:59 b'AssignPriority start!\r\n'
2023-03-02 21:43:00 b'21 42 59 2 3 2023\r\n'
2023-03-02 21:43:00 b'OpenRadioDuration start!\r\n'
2023-03-02 21:43:00 b'Signal received!\r\n'
2023-03-02 21:43:00 b'17,2,46,3,4,5,6,7,8,9,10,11,12,13,14,15,16,17,18,19,20,21,22,23,24,25,26,27,28,29,30,31,32,33,34,35,36,37,38,39,40,41,42,43,44,45,46,47,48,49,50,\r\n'
2023-03-02 21:43:00 b'Signal received!\r\n'
2023-03-02 21:43:01 b'17,2,48,3,4,5,6,7,8,9,10,11,12,13,14,15,16,17,18,19,20,21,22,23,24,25,26,27,28,29,30,31,32,33,34,35,36,37,38,39,40,41,42,43,44,45,46,47,48,49,50,\r\n'
2023-03-02 21:43:01 b'Signal received!\r\n'
2023-03-02 21:43:01 b'17,2,50,3,4,5,6,7,8,9,10,11,12,13,14,15,16,17,18,19,20,21,22,23,24,25,26,27,28,29,30,31,32,33,34,35,36,37,38,39,40,41,42,43,44,45,46,47,48,49,50,\r\n'
2023-03-02 21:43:01 b'Signal received!\r\n'
2023-03-02 21:43:02 b'18,2,52,3,4,5,6,7,8,9,10,11,12,13,14,15,16,17,18,19,20,21,22,23,24,25,26,27,28,29,30,31,32,33,34,35,36,37,38,39,40,41,42,43,44,45,46,47,48,49,50,\r\n'
2023-03-02 21:43:02 b'Signal received!\r\n'
2023-03-02 21:43:02 b'18,2,54,3,4,5,6,7,8,9,10,11,12,13,14,15,16,17,18,19,20,21,22,23,24,25,26,27,28,29,30,31,32,33,34,35,36,37,38,39,40,41,42,43,44,45,46,47,48,49,50,\r\n'
2023-03-02 21:43:02 b'Signal received!\r\n'
2023-03-02 21:43:03 b'18,2,56,3,4,5,6,7,8,9,10,11,12,13,14,15,16,17,18,19,20,21,22,23,24,25,26,27,28,29,30,31,32,33,34,35,36,37,38,39,40,41,42,43,44,45,46,47,48,49,50,\r\n'
2023-03-02 21:43:03 b'Signal received!\r\n'
2023-03-02 21:43:03 b'18,2,58,3,4,5,6,7,8,9,10,11,12,13,14,15,16,17,18,19,20,21,22,23,24,25,26,27,28,29,30,31,32,33,34,35,36,37,38,39,40,41,42,43,44,45,46,47,48,49,50,\r\n'
2023-03-02 21:43:03 b'Signal received!\r\n'
2023-03-02 21:43:04 b'18,2,60,3,4,5,6,7,8,9,10,11,12,13,14,15,16,17,18,19,20,21,22,23,24,25,26,27,28,29,30,31,32,33,34,35,36,37,38,39,40,41,42,43,44,45,46,47,48,49,50,\r\n'
2023-03-02 21:43:04 b'Signal received!\r\n'
2023-03-02 21:43:04 b'19,2,62,3,4,5,6,7,8,9,10,11,12,13,14,15,16,17,18,19,20,21,22,23,24,25,26,27,28,29,30,31,32,33,34,35,36,37,38,39,40,41,42,43,44,45,46,47,48,49,50,\r\n'
2023-03-02 21:43:04 b'Signal received!\r\n'
2023-03-02 21:43:04 b'19,2,64,3,4,5,6,7,8,9,10,11,12,13,14,15,16,17,18,19,20,21,22,23,24,25,26,27,28,29,30,31,32,33,34,35,36,37,38,39,40,41,42,43,44,45,46,47,48,49,50,\r\n'
2023-03-02 21:43:05 b'Signal received!\r\n'
2023-03-02 21:43:05 b'19,2,66,3,4,5,6,7,8,9,10,11,12,13,14,15,16,17,18,19,20,21,22,23,24,25,26,27,28,29,30,31,32,33,34,35,36,37,38,39,40,41,42,43,44,45,46,47,48,49,50,\r\n'
2023-03-02 21:43:05 b'Signal received!\r\n'
2023-03-02 21:43:05 b'19,2,68,3,4,5,6,7,8,9,10,11,12,13,14,15,16,17,18,19,20,21,22,23,24,25,26,27,28,29,30,31,32,33,34,35,36,37,38,39,40,41,42,43,44,45,46,47,48,49,50,\r\n'
2023-03-02 21:43:06 b'Signal received!\r\n'
2023-03-02 21:43:06 b'19,2,70,3,4,5,6,7,8,9,10,11,12,13,14,15,16,17,18,19,20,21,22,23,24,25,26,27,28,29,30,31,32,33,34,35,36,37,38,39,40,41,42,43,44,45,46,47,48,49,50,\r\n'
2023-03-02 21:43:06 b'Signal received!\r\n'
2023-03-02 21:43:06 b'20,2,72,3,4,5,6,7,8,9,10,11,12,13,14,15,16,17,18,19,20,21,22,23,24,25,26,27,28,29,30,31,32,33,34,35,36,37,38,39,40,41,42,43,44,45,46,47,48,49,50,\r\n'
2023-03-02 21:43:07 b'Signal received!\r\n'
2023-03-02 21:43:07 b'20,2,74,3,4,5,6,7,8,9,10,11,12,13,14,15,16,17,18,19,20,21,22,23,24,25,26,27,28,29,30,31,32,33,34,35,36,37,38,39,40,41,42,43,44,45,46,47,48,49,50,\r\n'
2023-03-02 21:43:07 b'Signal received!\r\n'
2023-03-02 21:43:07 b'20,2,76,3,4,5,6,7,8,9,10,11,12,13,14,15,16,17,18,19,20,21,22,23,24,25,26,27,28,29,30,31,32,33,34,35,36,37,38,39,40,41,42,43,44,45,46,47,48,49,50,\r\n'
2023-03-02 21:43:08 b'Signal received!\r\n'
2023-03-02 21:43:08 b'20,2,78,3,4,5,6,7,8,9,10,11,12,13,14,15,16,17,18,19,20,21,22,23,24,25,26,27,28,29,30,31,32,33,34,35,36,37,38,39,40,41,42,43,44,45,46,47,48,49,50,\r\n'
2023-03-02 21:43:08 b'Signal received!\r\n'
2023-03-02 21:43:08 b'20,2,80,3,4,5,6,7,8,9,10,11,12,13,14,15,16,17,18,19,20,21,22,23,24,25,26,27,28,29,30,31,32,33,34,35,36,37,38,39,40,41,42,43,44,45,46,47,48,49,50,\r\n'
2023-03-02 21:43:09 b'Signal received!\r\n'
2023-03-02 21:43:09 b'21,2,82,3,4,5,6,7,8,9,10,11,12,13,14,15,16,17,18,19,20,21,22,23,24,25,26,27,28,29,30,31,32,33,34,35,36,37,38,39,40,41,42,43,44,45,46,47,48,49,50,\r\n'
2023-03-02 21:43:09 b'Signal received!\r\n'
2023-03-02 21:43:09 b'21,2,84,3,4,5,6,7,8,9,10,11,12,13,14,15,16,17,18,19,20,21,22,23,24,25,26,27,28,29,30,31,32,33,34,35,36,37,38,39,40,41,42,43,44,45,46,47,48,49,50,\r\n'
2023-03-02 21:43:09 b'Signal received!\r\n'
2023-03-02 21:43:10 b'21,2,86,3,4,5,6,7,8,9,10,11,12,13,14,15,16,17,18,19,20,21,22,23,24,25,26,27,28,29,30,31,32,33,34,35,36,37,38,39,40,41,42,43,44,45,46,47,48,49,50,\r\n'
2023-03-02 21:43:10 b'Signal received!\r\n'
2023-03-02 21:43:10 b'21,2,88,3,4,5,6,7,8,9,10,11,12,13,14,15,16,17,18,19,20,21,22,23,24,25,26,27,28,29,30,31,32,33,34,35,36,37,38,39,40,41,42,43,44,45,46,47,48,49,50,\r\n'
2023-03-02 21:43:10 b'Signal received!\r\n'
2023-03-02 21:43:11 b'22,2,90,3,4,5,6,7,8,9,10,11,12,13,14,15,16,17,18,19,20,21,22,23,24,25,26,27,28,29,30,31,32,33,34,35,36,37,38,39,40,41,42,43,44,45,46,47,48,49,50,\r\n'
2023-03-02 21:43:11 b'Signal received!\r\n'
2023-03-02 21:43:11 b'22,2,92,3,4,5,6,7,8,9,10,11,12,13,14,15,16,17,18,19,20,21,22,23,24,25,26,27,28,29,30,31,32,33,34,35,36,37,38,39,40,41,42,43,44,45,46,47,48,49,50,\r\n'
2023-03-02 21:43:11 b'Signal received!\r\n'
2023-03-02 21:43:12 b'22,2,94,3,4,5,6,7,8,9,10,11,12,13,14,15,16,17,18,19,20,21,22,23,24,25,26,27,28,29,30,31,32,33,34,35,36,37,38,39,40,41,42,43,44,45,46,47,48,49,50,\r\n'
2023-03-02 21:43:12 b'Signal received!\r\n'
2023-03-02 21:43:12 b'22,2,96,3,4,5,6,7,8,9,10,11,12,13,14,15,16,17,18,19,20,21,22,23,24,25,26,27,28,29,30,31,32,33,34,35,36,37,38,39,40,41,42,43,44,45,46,47,48,49,50,\r\n'
2023-03-02 21:43:12 b'21 43 4 2 3 2023\r\n'
2023-03-02 21:43:13 b'OpenRadioDuration start!\r\n'
2023-03-02 21:43:13 b'Signal received!\r\n'
2023-03-02 21:43:13 b'23,2,100,3,4,5,6,7,8,9,10,11,12,13,14,15,16,17,18,19,20,21,22,23,24,25,26,27,28,29,30,31,32,33,34,35,36,37,38,39,40,41,42,43,44,45,46,47,48,49,50,\r\n'
2023-03-02 21:43:13 b'Signal received!\r\n'
2023-03-02 21:43:14 b'23,2,102,3,4,5,6,7,8,9,10,11,12,13,14,15,16,17,18,19,20,21,22,23,24,25,26,27,28,29,30,31,32,33,34,35,36,37,38,39,40,41,42,43,44,45,46,47,48,49,50,\r\n'
2023-03-02 21:43:14 b'Signal received!\r\n'
2023-03-02 21:43:14 b'23,2,104,3,4,5,6,7,8,9,10,11,12,13,14,15,16,17,18,19,20,21,22,23,24,25,26,27,28,29,30,31,32,33,34,35,36,37,38,39,40,41,42,43,44,45,46,47,48,49,50,\r\n'
2023-03-02 21:43:14 b'Signal received!\r\n'
2023-03-02 21:43:15 b'23,2,106,3,4,5,6,7,8,9,10,11,12,13,14,15,16,17,18,19,20,21,22,23,24,25,26,27,28,29,30,31,32,33,34,35,36,37,38,39,40,41,42,43,44,45,46,47,48,49,50,\r\n'
2023-03-02 21:43:15 b'Signal received!\r\n'
2023-03-02 21:43:15 b'23,2,108,3,4,5,6,7,8,9,10,11,12,13,14,15,16,17,18,19,20,21,22,23,24,25,26,27,28,29,30,31,32,33,34,35,36,37,38,39,40,41,42,43,44,45,46,47,48,49,50,\r\n'
2023-03-02 21:43:15 b'Signal received!\r\n'
2023-03-02 21:43:15 b'24,2,110,3,4,5,6,7,8,9,10,11,12,13,14,15,16,17,18,19,20,21,22,23,24,25,26,27,28,29,30,31,32,33,34,35,36,37,38,39,40,41,42,43,44,45,46,47,48,49,50,\r\n'
2023-03-02 21:43:15 b'Signal received!\r\n'
2023-03-02 21:43:15 b'24,2,112,3,4,5,6,7,8,9,10,11,12,13,14,15,16,17,18,19,20,21,22,23,24,25,26,27,28,29,30,31,32,33,34,35,36,37,38,39,40,41,42,43,44,45,46,47,48,49,50,\r\n'
2023-03-02 21:43:15 b'Signal received!\r\n'
2023-03-02 21:43:16 b'24,2,114,3,4,5,6,7,8,9,10,11,12,13,14,15,16,17,18,19,20,21,22,23,24,25,26,27,28,29,30,31,32,33,34,35,36,37,38,39,40,41,42,43,44,45,46,47,48,49,50,\r\n'
2023-03-02 21:43:16 b'Signal received!\r\n'
2023-03-02 21:43:16 b'24,2,116,3,4,5,6,7,8,9,10,11,12,13,14,15,16,17,18,19,20,21,22,23,24,25,26,27,28,29,30,31,32,33,34,35,36,37,38,39,40,41,42,43,44,45,46,47,48,49,50,\r\n'
2023-03-02 21:43:16 b'Signal received!\r\n'
2023-03-02 21:43:17 b'24,2,118,3,4,5,6,7,8,9,10,11,12,13,14,15,16,17,18,19,20,21,22,23,24,25,26,27,28,29,30,31,32,33,34,35,36,37,38,39,40,41,42,43,44,45,46,47,48,49,50,\r\n'
2023-03-02 21:43:17 b'Signal received!\r\n'
2023-03-02 21:43:17 b'25,2,120,3,4,5,6,7,8,9,10,11,12,13,14,15,16,17,18,19,20,21,22,23,24,25,26,27,28,29,30,31,32,33,34,35,36,37,38,39,40,41,42,43,44,45,46,47,48,49,50,\r\n'
2023-03-02 21:43:17 b'Signal received!\r\n'
2023-03-02 21:43:18 b'25,2,122,3,4,5,6,7,8,9,10,11,12,13,14,15,16,17,18,19,20,21,22,23,24,25,26,27,28,29,30,31,32,33,34,35,36,37,38,39,40,41,42,43,44,45,46,47,48,49,50,\r\n'
2023-03-02 21:43:18 b'Signal received!\r\n'
2023-03-02 21:43:18 b'25,2,124,3,4,5,6,7,8,9,10,11,12,13,14,15,16,17,18,19,20,21,22,23,24,25,26,27,28,29,30,31,32,33,34,35,36,37,38,39,40,41,42,43,44,45,46,47,48,49,50,\r\n'
2023-03-02 21:43:18 b'Signal received!\r\n'
2023-03-02 21:43:19 b'25,2,126,3,4,5,6,7,8,9,10,11,12,13,14,15,16,17,18,19,20,21,22,23,24,25,26,27,28,29,30,31,32,33,34,35,36,37,38,39,40,41,42,43,44,45,46,47,48,49,50,\r\n'
2023-03-02 21:43:19 b'Signal received!\r\n'
2023-03-02 21:43:19 b'25,2,128,3,4,5,6,7,8,9,10,11,12,13,14,15,16,17,18,19,20,21,22,23,24,25,26,27,28,29,30,31,32,33,34,35,36,37,38,39,40,41,42,43,44,45,46,47,48,49,50,\r\n'
2023-03-02 21:43:19 b'Signal received!\r\n'
2023-03-02 21:43:20 b'26,2,130,3,4,5,6,7,8,9,10,11,12,13,14,15,16,17,18,19,20,21,22,23,24,25,26,27,28,29,30,31,32,33,34,35,36,37,38,39,40,41,42,43,44,45,46,47,48,49,50,\r\n'
2023-03-02 21:43:20 b'Signal received!\r\n'
2023-03-02 21:43:20 b'26,2,132,3,4,5,6,7,8,9,10,11,12,13,14,15,16,17,18,19,20,21,22,23,24,25,26,27,28,29,30,31,32,33,34,35,36,37,38,39,40,41,42,43,44,45,46,47,48,49,50,\r\n'
2023-03-02 21:43:20 b'Signal received!\r\n'
2023-03-02 21:43:20 b'26,2,134,3,4,5,6,7,8,9,10,11,12,13,14,15,16,17,18,19,20,21,22,23,24,25,26,27,28,29,30,31,32,33,34,35,36,37,38,39,40,41,42,43,44,45,46,47,48,49,50,\r\n'
2023-03-02 21:43:21 b'Signal received!\r\n'
2023-03-02 21:43:21 b'26,2,136,3,4,5,6,7,8,9,10,11,12,13,14,15,16,17,18,19,20,21,22,23,24,25,26,27,28,29,30,31,32,33,34,35,36,37,38,39,40,41,42,43,44,45,46,47,48,49,50,\r\n'
2023-03-02 21:43:21 b'Signal received!\r\n'
2023-03-02 21:43:21 b'26,2,138,3,4,5,6,7,8,9,10,11,12,13,14,15,16,17,18,19,20,21,22,23,24,25,26,27,28,29,30,31,32,33,34,35,36,37,38,39,40,41,42,43,44,45,46,47,48,49,50,\r\n'
2023-03-02 21:43:22 b'Signal received!\r\n'
2023-03-02 21:43:22 b'27,2,140,3,4,5,6,7,8,9,10,11,12,13,14,15,16,17,18,19,20,21,22,23,24,25,26,27,28,29,30,31,32,33,34,35,36,37,38,39,40,41,42,43,44,45,46,47,48,49,50,\r\n'
2023-03-02 21:43:22 b'Signal received!\r\n'
2023-03-02 21:43:22 b'27,2,142,3,4,5,6,7,8,9,10,11,12,13,14,15,16,17,18,19,20,21,22,23,24,25,26,27,28,29,30,31,32,33,34,35,36,37,38,39,40,41,42,43,44,45,46,47,48,49,50,\r\n'
2023-03-02 21:43:23 b'Signal received!\r\n'
2023-03-02 21:43:23 b'27,2,144,3,4,5,6,7,8,9,10,11,12,13,14,15,16,17,18,19,20,21,22,23,24,25,26,27,28,29,30,31,32,33,34,35,36,37,38,39,40,41,42,43,44,45,46,47,48,49,50,\r\n'
2023-03-02 21:43:23 b'Signal received!\r\n'
2023-03-02 21:43:23 b'27,2,146,3,4,5,6,7,8,9,10,11,12,13,14,15,16,17,18,19,20,21,22,23,24,25,26,27,28,29,30,31,32,33,34,35,36,37,38,39,40,41,42,43,44,45,46,47,48,49,50,\r\n'
2023-03-02 21:43:23 b'Signal received!\r\n'
2023-03-02 21:43:24 b'28,2,148,3,4,5,6,7,8,9,10,11,12,13,14,15,16,17,18,19,20,21,22,23,24,25,26,27,28,29,30,31,32,33,34,35,36,37,38,39,40,41,42,43,44,45,46,47,48,49,50,\r\n'
2023-03-02 21:43:24 b'21 43 10 2 3 2023\r\n'
2023-03-02 21:43:24 b'OpenRadioDuration start!\r\n'
2023-03-02 21:43:24 b'Signal received!\r\n'
2023-03-02 21:43:25 b'28,2,152,3,4,5,6,7,8,9,10,11,12,13,14,15,16,17,18,19,20,21,22,23,24,25,26,27,28,29,30,31,32,33,34,35,36,37,38,39,40,41,42,43,44,45,46,47,48,49,50,\r\n'
2023-03-02 21:43:25 b'Signal received!\r\n'
2023-03-02 21:43:25 b'28,2,154,3,4,5,6,7,8,9,10,11,12,13,14,15,16,17,18,19,20,21,22,23,24,25,26,27,28,29,30,31,32,33,34,35,36,37,38,39,40,41,42,43,44,45,46,47,48,49,50,\r\n'
2023-03-02 21:43:25 b'Signal received!\r\n'
2023-03-02 21:43:26 b'28,2,156,3,4,5,6,7,8,9,10,11,12,13,14,15,16,17,18,19,20,21,22,23,24,25,26,27,28,29,30,31,32,33,34,35,36,37,38,39,40,41,42,43,44,45,46,47,48,49,50,\r\n'
2023-03-02 21:43:26 b'Signal received!\r\n'
2023-03-02 21:43:26 b'29,2,158,3,4,5,6,7,8,9,10,11,12,13,14,15,16,17,18,19,20,21,22,23,24,25,26,27,28,29,30,31,32,33,34,35,36,37,38,39,40,41,42,43,44,45,46,47,48,49,50,\r\n'
2023-03-02 21:43:26 b'Signal received!\r\n'
2023-03-02 21:43:27 b'29,2,160,3,4,5,6,7,8,9,10,11,12,13,14,15,16,17,18,19,20,21,22,23,24,25,26,27,28,29,30,31,32,33,34,35,36,37,38,39,40,41,42,43,44,45,46,47,48,49,50,\r\n'
2023-03-02 21:43:27 b'Signal received!\r\n'
2023-03-02 21:43:27 b'29,2,162,3,4,5,6,7,8,9,10,11,12,13,14,15,16,17,18,19,20,21,22,23,24,25,26,27,28,29,30,31,32,33,34,35,36,37,38,39,40,41,42,43,44,45,46,47,48,49,50,\r\n'
2023-03-02 21:43:27 b'Signal received!\r\n'
2023-03-02 21:43:28 b'29,2,164,3,4,5,6,7,8,9,10,11,12,13,14,15,16,17,18,19,20,21,22,23,24,25,26,27,28,29,30,31,32,33,34,35,36,37,38,39,40,41,42,43,44,45,46,47,48,49,50,\r\n'
2023-03-02 21:43:28 b'Signal received!\r\n'
2023-03-02 21:43:28 b'29,2,166,3,4,5,6,7,8,9,10,11,12,13,14,15,16,17,18,19,20,21,22,23,24,25,26,27,28,29,30,31,32,33,34,35,36,37,38,39,40,41,42,43,44,45,46,47,48,49,50,\r\n'
2023-03-02 21:43:28 b'Signal received!\r\n'
2023-03-02 21:43:29 b'30,2,168,3,4,5,6,7,8,9,10,11,12,13,14,15,16,17,18,19,20,21,22,23,24,25,26,27,28,29,30,31,32,33,34,35,36,37,38,39,40,41,42,43,44,45,46,47,48,49,50,\r\n'
2023-03-02 21:43:29 b'Signal received!\r\n'
2023-03-02 21:43:29 b'30,2,170,3,4,5,6,7,8,9,10,11,12,13,14,15,16,17,18,19,20,21,22,23,24,25,26,27,28,29,30,31,32,33,34,35,36,37,38,39,40,41,42,43,44,45,46,47,48,49,50,\r\n'
2023-03-02 21:43:29 b'Signal received!\r\n'
2023-03-02 21:43:29 b'30,2,172,3,4,5,6,7,8,9,10,11,12,13,14,15,16,17,18,19,20,21,22,23,24,25,26,27,28,29,30,31,32,33,34,35,36,37,38,39,40,41,42,43,44,45,46,47,48,49,50,\r\n'
2023-03-02 21:43:30 b'Signal received!\r\n'
2023-03-02 21:43:30 b'30,2,174,3,4,5,6,7,8,9,10,11,12,13,14,15,16,17,18,19,20,21,22,23,24,25,26,27,28,29,30,31,32,33,34,35,36,37,38,39,40,41,42,43,44,45,46,47,48,49,50,\r\n'
2023-03-02 21:43:30 b'Signal received!\r\n'
2023-03-02 21:43:30 b'30,2,176,3,4,5,6,7,8,9,10,11,12,13,14,15,16,17,18,19,20,21,22,23,24,25,26,27,28,29,30,31,32,33,34,35,36,37,38,39,40,41,42,43,44,45,46,47,48,49,50,\r\n'
2023-03-02 21:43:31 b'Signal received!\r\n'
2023-03-02 21:43:31 b'31,2,178,3,4,5,6,7,8,9,10,11,12,13,14,15,16,17,18,19,20,21,22,23,24,25,26,27,28,29,30,31,32,33,34,35,36,37,38,39,40,41,42,43,44,45,46,47,48,49,50,\r\n'
2023-03-02 21:43:31 b'Signal received!\r\n'
2023-03-02 21:43:31 b'31,2,180,3,4,5,6,7,8,9,10,11,12,13,14,15,16,17,18,19,20,21,22,23,24,25,26,27,28,29,30,31,32,33,34,35,36,37,38,39,40,41,42,43,44,45,46,47,48,49,50,\r\n'
2023-03-02 21:43:32 b'Signal received!\r\n'
2023-03-02 21:43:32 b'31,2,182,3,4,5,6,7,8,9,10,11,12,13,14,15,16,17,18,19,20,21,22,23,24,25,26,27,28,29,30,31,32,33,34,35,36,37,38,39,40,41,42,43,44,45,46,47,48,49,50,\r\n'
2023-03-02 21:43:32 b'Signal received!\r\n'
2023-03-02 21:43:32 b'31,2,184,3,4,5,6,7,8,9,10,11,12,13,14,15,16,17,18,19,20,21,22,23,24,25,26,27,28,29,30,31,32,33,34,35,36,37,38,39,40,41,42,43,44,45,46,47,48,49,50,\r\n'
2023-03-02 21:43:33 b'Signal received!\r\n'
2023-03-02 21:43:33 b'31,2,186,3,4,5,6,7,8,9,10,11,12,13,14,15,16,17,18,19,20,21,22,23,24,25,26,27,28,29,30,31,32,33,34,35,36,37,38,39,40,41,42,43,44,45,46,47,48,49,50,\r\n'
2023-03-02 21:43:33 b'Signal received!\r\n'
2023-03-02 21:43:33 b'32,2,188,3,4,5,6,7,8,9,10,11,12,13,14,15,16,17,18,19,20,21,22,23,24,25,26,27,28,29,30,31,32,33,34,35,36,37,38,39,40,41,42,43,44,45,46,47,48,49,50,\r\n'
2023-03-02 21:43:34 b'Signal received!\r\n'
2023-03-02 21:43:34 b'32,2,190,3,4,5,6,7,8,9,10,11,12,13,14,15,16,17,18,19,20,21,22,23,24,25,26,27,28,29,30,31,32,33,34,35,36,37,38,39,40,41,42,43,44,45,46,47,48,49,50,\r\n'
2023-03-02 21:43:34 b'Signal received!\r\n'
2023-03-02 21:43:34 b'32,2,192,3,4,5,6,7,8,9,10,11,12,13,14,15,16,17,18,19,20,21,22,23,24,25,26,27,28,29,30,31,32,33,34,35,36,37,38,39,40,41,42,43,44,45,46,47,48,49,50,\r\n'
2023-03-02 21:43:35 b'Signal received!\r\n'
2023-03-02 21:43:35 b'32,2,194,3,4,5,6,7,8,9,10,11,12,13,14,15,16,17,18,19,20,21,22,23,24,25,26,27,28,29,30,31,32,33,34,35,36,37,38,39,40,41,42,43,44,45,46,47,48,49,50,\r\n'
2023-03-02 21:43:35 b'Signal received!\r\n'
2023-03-02 21:43:35 b'32,2,196,3,4,5,6,7,8,9,10,11,12,13,14,15,16,17,18,19,20,21,22,23,24,25,26,27,28,29,30,31,32,33,34,35,36,37,38,39,40,41,42,43,44,45,46,47,48,49,50,\r\n'
2023-03-02 21:43:35 b'Signal received!\r\n'
2023-03-02 21:43:35 b'33,2,198,3,4,5,6,7,8,9,10,11,12,13,14,15,16,17,18,19,20,21,22,23,24,25,26,27,28,29,30,31,32,33,34,35,36,37,38,39,40,41,42,43,44,45,46,47,48,49,50,\r\n'
2023-03-02 21:43:35 b'Signal received!\r\n'
2023-03-02 21:43:36 b'33,2,200,3,4,5,6,7,8,9,10,11,12,13,14,15,16,17,18,19,20,21,22,23,24,25,26,27,28,29,30,31,32,33,34,35,36,37,38,39,40,41,42,43,44,45,46,47,48,49,50,\r\n'
2023-03-02 21:43:36 b'Lorawan networking success.\r\n'
2023-03-02 21:43:36 b'Nomally transmitting... This device ID is 1. \r\n'
2023-03-02 21:43:36 b'Father device id is: 0. Son device num is: 0. Device rank is: 1. Rounds is 0. Priority is 0. Network will start at: 21 44 54 2 3 23 \r\n'
2023-03-02 21:43:37 b'Now sleep:79s. \xfd'
2023-03-02 21:44:34 b'21 44 34 2 3 2023\r\n'
2023-03-02 21:44:35 b'OpenRadioDuration start!\r\n'
2023-03-02 21:44:35 b'Signal received!\r\n'
2023-03-02 21:44:35 b'23,0,226,3,4,5,6,7,8,9,10,11,12,13,14,15,16,17,18,19,20,21,22,23,24,25,26,27,28,29,30,31,32,33,34,35,36,37,38,39,40,41,42,43,44,45,46,47,48,49,50,\r\n'
2023-03-02 21:44:35 b'Signal received!\r\n'
2023-03-02 21:44:35 b'23,0,228,3,4,5,6,7,8,9,10,11,12,13,14,15,16,17,18,19,20,21,22,23,24,25,26,27,28,29,30,31,32,33,34,35,36,37,38,39,40,41,42,43,44,45,46,47,48,49,50,\r\n'
2023-03-02 21:44:35 b'Signal received!\r\n'
2023-03-02 21:44:35 b'23,0,230,3,4,5,6,7,8,9,10,11,12,13,14,15,16,17,18,19,20,21,22,23,24,25,26,27,28,29,30,31,32,33,34,35,36,37,38,39,40,41,42,43,44,45,46,47,48,49,50,\r\n'
2023-03-02 21:44:35 b'Signal received!\r\n'
2023-03-02 21:44:35 b'24,0,232,3,4,5,6,7,8,9,10,11,12,13,14,15,16,17,18,19,20,21,22,23,24,25,26,27,28,29,30,31,32,33,34,35,36,37,38,39,40,41,42,43,44,45,46,47,48,49,50,\r\n'
2023-03-02 21:44:36 b'Signal received!\r\n'
2023-03-02 21:44:36 b'24,0,234,3,4,5,6,7,8,9,10,11,12,13,14,15,16,17,18,19,20,21,22,23,24,25,26,27,28,29,30,31,32,33,34,35,36,37,38,39,40,41,42,43,44,45,46,47,48,49,50,\r\n'
2023-03-02 21:44:36 b'Signal received!\r\n'
2023-03-02 21:44:36 b'24,0,236,3,4,5,6,7,8,9,10,11,12,13,14,15,16,17,18,19,20,21,22,23,24,25,26,27,28,29,30,31,32,33,34,35,36,37,38,39,40,41,42,43,44,45,46,47,48,49,50,\r\n'
2023-03-02 21:44:36 b'Signal received!\r\n'
2023-03-02 21:44:36 b'24,0,238,3,4,5,6,7,8,9,10,11,12,13,14,15,16,17,18,19,20,21,22,23,24,25,26,27,28,29,30,31,32,33,34,35,36,37,38,39,40,41,42,43,44,45,46,47,48,49,50,\r\n'
2023-03-02 21:44:36 b'Signal received!\r\n'
2023-03-02 21:44:36 b'25,0,240,3,4,5,6,7,8,9,10,11,12,13,14,15,16,17,18,19,20,21,22,23,24,25,26,27,28,29,30,31,32,33,34,35,36,37,38,39,40,41,42,43,44,45,46,47,48,49,50,\r\n'
2023-03-02 21:44:36 b'Signal received!\r\n'
2023-03-02 21:44:37 b'25,0,242,3,4,5,6,7,8,9,10,11,12,13,14,15,16,17,18,19,20,21,22,23,24,25,26,27,28,29,30,31,32,33,34,35,36,37,38,39,40,41,42,43,44,45,46,47,48,49,50,\r\n'
2023-03-02 21:44:37 b'Signal received!\r\n'
2023-03-02 21:44:37 b'25,0,244,3,4,5,6,7,8,9,10,11,12,13,14,15,16,17,18,19,20,21,22,23,24,25,26,27,28,29,30,31,32,33,34,35,36,37,38,39,40,41,42,43,44,45,46,47,48,49,50,\r\n'
2023-03-02 21:44:37 b'Signal received!\r\n'
2023-03-02 21:44:37 b'25,0,246,3,4,5,6,7,8,9,10,11,12,13,14,15,16,17,18,19,20,21,22,23,24,25,26,27,28,29,30,31,32,33,34,35,36,37,38,39,40,41,42,43,44,45,46,47,48,49,50,\r\n'
2023-03-02 21:44:37 b'Signal received!\r\n'
2023-03-02 21:44:37 b'25,0,248,3,4,5,6,7,8,9,10,11,12,13,14,15,16,17,18,19,20,21,22,23,24,25,26,27,28,29,30,31,32,33,34,35,36,37,38,39,40,41,42,43,44,45,46,47,48,49,50,\r\n'
2023-03-02 21:44:37 b'Signal received!\r\n'
2023-03-02 21:44:37 b'26,0,250,3,4,5,6,7,8,9,10,11,12,13,14,15,16,17,18,19,20,21,22,23,24,25,26,27,28,29,30,31,32,33,34,35,36,37,38,39,40,41,42,43,44,45,46,47,48,49,50,\r\n'
2023-03-02 21:44:37 b'Signal received!\r\n'
2023-03-02 21:44:38 b'26,0,252,3,4,5,6,7,8,9,10,11,12,13,14,15,16,17,18,19,20,21,22,23,24,25,26,27,28,29,30,31,32,33,34,35,36,37,38,39,40,41,42,43,44,45,46,47,48,49,50,\r\n'
2023-03-02 21:44:38 b'Signal received!\r\n'
2023-03-02 21:44:38 b'26,0,254,3,4,5,6,7,8,9,10,11,12,13,14,15,16,17,18,19,20,21,22,23,24,25,26,27,28,29,30,31,32,33,34,35,36,37,38,39,40,41,42,43,44,45,46,47,48,49,50,\r\n'
2023-03-02 21:44:38 b'Signal received!\r\n'
2023-03-02 21:44:38 b'26,0,0,3,4,5,6,7,8,9,10,11,12,13,14,15,16,17,18,19,20,21,22,23,24,25,26,27,28,29,30,31,32,33,34,35,36,37,38,39,40,41,42,43,44,45,46,47,48,49,50,\r\n'
2023-03-02 21:44:38 b'Signal received!\r\n'
2023-03-02 21:44:38 b'26,0,2,3,4,5,6,7,8,9,10,11,12,13,14,15,16,17,18,19,20,21,22,23,24,25,26,27,28,29,30,31,32,33,34,35,36,37,38,39,40,41,42,43,44,45,46,47,48,49,50,\r\n'
2023-03-02 21:44:38 b'Signal received!\r\n'
2023-03-02 21:44:38 b'27,0,4,3,4,5,6,7,8,9,10,11,12,13,14,15,16,17,18,19,20,21,22,23,24,25,26,27,28,29,30,31,32,33,34,35,36,37,38,39,40,41,42,43,44,45,46,47,48,49,50,\r\n'
2023-03-02 21:44:39 b'Signal received!\r\n'
2023-03-02 21:44:39 b'27,0,6,3,4,5,6,7,8,9,10,11,12,13,14,15,16,17,18,19,20,21,22,23,24,25,26,27,28,29,30,31,32,33,34,35,36,37,38,39,40,41,42,43,44,45,46,47,48,49,50,\r\n'
2023-03-02 21:44:39 b'Signal received!\r\n'
2023-03-02 21:44:39 b'27,0,8,3,4,5,6,7,8,9,10,11,12,13,14,15,16,17,18,19,20,21,22,23,24,25,26,27,28,29,30,31,32,33,34,35,36,37,38,39,40,41,42,43,44,45,46,47,48,49,50,\r\n'
2023-03-02 21:44:39 b'Signal received!\r\n'
2023-03-02 21:44:39 b'27,0,10,3,4,5,6,7,8,9,10,11,12,13,14,15,16,17,18,19,20,21,22,23,24,25,26,27,28,29,30,31,32,33,34,35,36,37,38,39,40,41,42,43,44,45,46,47,48,49,50,\r\n'
2023-03-02 21:44:39 b'Signal received!\r\n'
2023-03-02 21:44:39 b'27,0,12,3,4,5,6,7,8,9,10,11,12,13,14,15,16,17,18,19,20,21,22,23,24,25,26,27,28,29,30,31,32,33,34,35,36,37,38,39,40,41,42,43,44,45,46,47,48,49,50,\r\n'
2023-03-02 21:44:39 b'Signal received!\r\n'
2023-03-02 21:44:39 b'28,0,14,3,4,5,6,7,8,9,10,11,12,13,14,15,16,17,18,19,20,21,22,23,24,25,26,27,28,29,30,31,32,33,34,35,36,37,38,39,40,41,42,43,44,45,46,47,48,49,50,\r\n'
2023-03-02 21:44:40 b'Signal received!\r\n'
2023-03-02 21:44:40 b'28,0,16,3,4,5,6,7,8,9,10,11,12,13,14,15,16,17,18,19,20,21,22,23,24,25,26,27,28,29,30,31,32,33,34,35,36,37,38,39,40,41,42,43,44,45,46,47,48,49,50,\r\n'
2023-03-02 21:44:40 b'Signal received!\r\n'
2023-03-02 21:44:40 b'28,0,18,3,4,5,6,7,8,9,10,11,12,13,14,15,16,17,18,19,20,21,22,23,24,25,26,27,28,29,30,31,32,33,34,35,36,37,38,39,40,41,42,43,44,45,46,47,48,49,50,\r\n'
2023-03-02 21:44:40 b'Signal received!\r\n'
2023-03-02 21:44:40 b'28,0,20,3,4,5,6,7,8,9,10,11,12,13,14,15,16,17,18,19,20,21,22,23,24,25,26,27,28,29,30,31,32,33,34,35,36,37,38,39,40,41,42,43,44,45,46,47,48,49,50,\r\n'
2023-03-02 21:44:40 b'Signal received!\r\n'
2023-03-02 21:44:40 b'28,0,22,3,4,5,6,7,8,9,10,11,12,13,14,15,16,17,18,19,20,21,22,23,24,25,26,27,28,29,30,31,32,33,34,35,36,37,38,39,40,41,42,43,44,45,46,47,48,49,50,\r\n'
2023-03-02 21:44:40 b'Signal received!\r\n'
2023-03-02 21:44:40 b'29,0,24,3,4,5,6,7,8,9,10,11,12,13,14,15,16,17,18,19,20,21,22,23,24,25,26,27,28,29,30,31,32,33,34,35,36,37,38,39,40,41,42,43,44,45,46,47,48,49,50,\r\n'
2023-03-02 21:44:41 b'Signal received!\r\n'
2023-03-02 21:44:41 b'29,0,26,3,4,5,6,7,8,9,10,11,12,13,14,15,16,17,18,19,20,21,22,23,24,25,26,27,28,29,30,31,32,33,34,35,36,37,38,39,40,41,42,43,44,45,46,47,48,49,50,\r\n'
2023-03-02 21:44:41 b'Signal received!\r\n'
2023-03-02 21:44:41 b'29,0,28,3,4,5,6,7,8,9,10,11,12,13,14,15,16,17,18,19,20,21,22,23,24,25,26,27,28,29,30,31,32,33,34,35,36,37,38,39,40,41,42,43,44,45,46,47,48,49,50,\r\n'
2023-03-02 21:44:41 b'Signal received!\r\n'
2023-03-02 21:44:41 b'29,0,30,3,4,5,6,7,8,9,10,11,12,13,14,15,16,17,18,19,20,21,22,23,24,25,26,27,28,29,30,31,32,33,34,35,36,37,38,39,40,41,42,43,44,45,46,47,48,49,50,\r\n'
2023-03-02 21:44:41 b'Signal received!\r\n'
2023-03-02 21:44:41 b'29,0,32,3,4,5,6,7,8,9,10,11,12,13,14,15,16,17,18,19,20,21,22,23,24,25,26,27,28,29,30,31,32,33,34,35,36,37,38,39,40,41,42,43,44,45,46,47,48,49,50,\r\n'
2023-03-02 21:44:41 b'Signal received!\r\n'
2023-03-02 21:44:41 b'30,0,34,3,4,5,6,7,8,9,10,11,12,13,14,15,16,17,18,19,20,21,22,23,24,25,26,27,28,29,30,31,32,33,34,35,36,37,38,39,40,41,42,43,44,45,46,47,48,49,50,\r\n'
2023-03-02 21:44:42 b'Signal received!\r\n'
2023-03-02 21:44:42 b'30,0,36,3,4,5,6,7,8,9,10,11,12,13,14,15,16,17,18,19,20,21,22,23,24,25,26,27,28,29,30,31,32,33,34,35,36,37,38,39,40,41,42,43,44,45,46,47,48,49,50,\r\n'
2023-03-02 21:44:42 b'Signal received!\r\n'
2023-03-02 21:44:42 b'30,0,38,3,4,5,6,7,8,9,10,11,12,13,14,15,16,17,18,19,20,21,22,23,24,25,26,27,28,29,30,31,32,33,34,35,36,37,38,39,40,41,42,43,44,45,46,47,48,49,50,\r\n'
2023-03-02 21:44:42 b'Signal received!\r\n'
2023-03-02 21:44:42 b'30,0,40,3,4,5,6,7,8,9,10,11,12,13,14,15,16,17,18,19,20,21,22,23,24,25,26,27,28,29,30,31,32,33,34,35,36,37,38,39,40,41,42,43,44,45,46,47,48,49,50,\r\n'
2023-03-02 21:44:42 b'Signal received!\r\n'
2023-03-02 21:44:42 b'31,0,42,3,4,5,6,7,8,9,10,11,12,13,14,15,16,17,18,19,20,21,22,23,24,25,26,27,28,29,30,31,32,33,34,35,36,37,38,39,40,41,42,43,44,45,46,47,48,49,50,\r\n'
2023-03-02 21:44:42 b'Signal received!\r\n'
2023-03-02 21:44:43 b'31,0,44,3,4,5,6,7,8,9,10,11,12,13,14,15,16,17,18,19,20,21,22,23,24,25,26,27,28,29,30,31,32,33,34,35,36,37,38,39,40,41,42,43,44,45,46,47,48,49,50,\r\n'
2023-03-02 21:44:43 b'Signal received!\r\n'
2023-03-02 21:44:43 b'31,0,46,3,4,5,6,7,8,9,10,11,12,13,14,15,16,17,18,19,20,21,22,23,24,25,26,27,28,29,30,31,32,33,34,35,36,37,38,39,40,41,42,43,44,45,46,47,48,49,50,\r\n'
2023-03-02 21:44:43 b'Signal received!\r\n'
2023-03-02 21:44:43 b'31,0,48,3,4,5,6,7,8,9,10,11,12,13,14,15,16,17,18,19,20,21,22,23,24,25,26,27,28,29,30,31,32,33,34,35,36,37,38,39,40,41,42,43,44,45,46,47,48,49,50,\r\n'
2023-03-02 21:44:43 b'Signal received!\r\n'
2023-03-02 21:44:43 b'31,0,50,3,4,5,6,7,8,9,10,11,12,13,14,15,16,17,18,19,20,21,22,23,24,25,26,27,28,29,30,31,32,33,34,35,36,37,38,39,40,41,42,43,44,45,46,47,48,49,50,\r\n'
2023-03-02 21:44:43 b'Signal received!\r\n'
2023-03-02 21:44:43 b'32,0,52,3,4,5,6,7,8,9,10,11,12,13,14,15,16,17,18,19,20,21,22,23,24,25,26,27,28,29,30,31,32,33,34,35,36,37,38,39,40,41,42,43,44,45,46,47,48,49,50,\r\n'
2023-03-02 21:44:43 b'Signal received!\r\n'
2023-03-02 21:44:44 b'32,0,54,3,4,5,6,7,8,9,10,11,12,13,14,15,16,17,18,19,20,21,22,23,24,25,26,27,28,29,30,31,32,33,34,35,36,37,38,39,40,41,42,43,44,45,46,47,48,49,50,\r\n'
2023-03-02 21:44:44 b'Signal received!\r\n'
2023-03-02 21:44:44 b'32,0,56,3,4,5,6,7,8,9,10,11,12,13,14,15,16,17,18,19,20,21,22,23,24,25,26,27,28,29,30,31,32,33,34,35,36,37,38,39,40,41,42,43,44,45,46,47,48,49,50,\r\n'
2023-03-02 21:44:44 b'Signal received!\r\n'
2023-03-02 21:44:44 b'32,0,58,3,4,5,6,7,8,9,10,11,12,13,14,15,16,17,18,19,20,21,22,23,24,25,26,27,28,29,30,31,32,33,34,35,36,37,38,39,40,41,42,43,44,45,46,47,48,49,50,\r\n'
2023-03-02 21:44:44 b'Signal received!\r\n'
2023-03-02 21:44:44 b'32,0,60,3,4,5,6,7,8,9,10,11,12,13,14,15,16,17,18,19,20,21,22,23,24,25,26,27,28,29,30,31,32,33,34,35,36,37,38,39,40,41,42,43,44,45,46,47,48,49,50,\r\n'
2023-03-02 21:44:44 b'Signal received!\r\n'
2023-03-02 21:44:44 b'33,0,62,3,4,5,6,7,8,9,10,11,12,13,14,15,16,17,18,19,20,21,22,23,24,25,26,27,28,29,30,31,32,33,34,35,36,37,38,39,40,41,42,43,44,45,46,47,48,49,50,\r\n'
2023-03-02 21:44:45 b'Signal received!\r\n'
2023-03-02 21:44:45 b'33,0,64,3,4,5,6,7,8,9,10,11,12,13,14,15,16,17,18,19,20,21,22,23,24,25,26,27,28,29,30,31,32,33,34,35,36,37,38,39,40,41,42,43,44,45,46,47,48,49,50,\r\n'
2023-03-02 21:44:45 b'Signal received!\r\n'
2023-03-02 21:44:45 b'33,0,66,3,4,5,6,7,8,9,10,11,12,13,14,15,16,17,18,19,20,21,22,23,24,25,26,27,28,29,30,31,32,33,34,35,36,37,38,39,40,41,42,43,44,45,46,47,48,49,50,\r\n'
2023-03-02 21:44:45 b'Signal received!\r\n'
2023-03-02 21:44:45 b'33,0,68,3,4,5,6,7,8,9,10,11,12,13,14,15,16,17,18,19,20,21,22,23,24,25,26,27,28,29,30,31,32,33,34,35,36,37,38,39,40,41,42,43,44,45,46,47,48,49,50,\r\n'
2023-03-02 21:44:45 b'Signal received!\r\n'
2023-03-02 21:44:45 b'33,0,70,3,4,5,6,7,8,9,10,11,12,13,14,15,16,17,18,19,20,21,22,23,24,25,26,27,28,29,30,31,32,33,34,35,36,37,38,39,40,41,42,43,44,45,46,47,48,49,50,\r\n'
2023-03-02 21:44:45 b'Signal received!\r\n'
2023-03-02 21:44:45 b'34,0,72,3,4,5,6,7,8,9,10,11,12,13,14,15,16,17,18,19,20,21,22,23,24,25,26,27,28,29,30,31,32,33,34,35,36,37,38,39,40,41,42,43,44,45,46,47,48,49,50,\r\n'
2023-03-02 21:44:46 b'Signal received!\r\n'
2023-03-02 21:44:46 b'34,0,74,3,4,5,6,7,8,9,10,11,12,13,14,15,16,17,18,19,20,21,22,23,24,25,26,27,28,29,30,31,32,33,34,35,36,37,38,39,40,41,42,43,44,45,46,47,48,49,50,\r\n'
2023-03-02 21:44:46 b'Signal received!\r\n'
2023-03-02 21:44:46 b'34,0,76,3,4,5,6,7,8,9,10,11,12,13,14,15,16,17,18,19,20,21,22,23,24,25,26,27,28,29,30,31,32,33,34,35,36,37,38,39,40,41,42,43,44,45,46,47,48,49,50,\r\n'
2023-03-02 21:44:46 b'Signal received!\r\n'
2023-03-02 21:44:46 b'34,0,78,3,4,5,6,7,8,9,10,11,12,13,14,15,16,17,18,19,20,21,22,23,24,25,26,27,28,29,30,31,32,33,34,35,36,37,38,39,40,41,42,43,44,45,46,47,48,49,50,\r\n'
2023-03-02 21:44:46 b'Signal received!\r\n'
2023-03-02 21:44:46 b'34,0,80,3,4,5,6,7,8,9,10,11,12,13,14,15,16,17,18,19,20,21,22,23,24,25,26,27,28,29,30,31,32,33,34,35,36,37,38,39,40,41,42,43,44,45,46,47,48,49,50,\r\n'
2023-03-02 21:44:46 b'Signal received!\r\n'
2023-03-02 21:44:46 b'35,0,82,3,4,5,6,7,8,9,10,11,12,13,14,15,16,17,18,19,20,21,22,23,24,25,26,27,28,29,30,31,32,33,34,35,36,37,38,39,40,41,42,43,44,45,46,47,48,49,50,\r\n'
2023-03-02 21:44:47 b'Signal received!\r\n'
2023-03-02 21:44:47 b'35,0,84,3,4,5,6,7,8,9,10,11,12,13,14,15,16,17,18,19,20,21,22,23,24,25,26,27,28,29,30,31,32,33,34,35,36,37,38,39,40,41,42,43,44,45,46,47,48,49,50,\r\n'
2023-03-02 21:44:47 b'Signal received!\r\n'
2023-03-02 21:44:47 b'35,0,86,3,4,5,6,7,8,9,10,11,12,13,14,15,16,17,18,19,20,21,22,23,24,25,26,27,28,29,30,31,32,33,34,35,36,37,38,39,40,41,42,43,44,45,46,47,48,49,50,\r\n'
2023-03-02 21:44:47 b'Signal received!\r\n'
2023-03-02 21:44:47 b'35,0,88,3,4,5,6,7,8,9,10,11,12,13,14,15,16,17,18,19,20,21,22,23,24,25,26,27,28,29,30,31,32,33,34,35,36,37,38,39,40,41,42,43,44,45,46,47,48,49,50,\r\n'
2023-03-02 21:44:47 b'Signal received!\r\n'
2023-03-02 21:44:47 b'36,0,90,3,4,5,6,7,8,9,10,11,12,13,14,15,16,17,18,19,20,21,22,23,24,25,26,27,28,29,30,31,32,33,34,35,36,37,38,39,40,41,42,43,44,45,46,47,48,49,50,\r\n'
2023-03-02 21:44:47 b'Signal received!\r\n'
2023-03-02 21:44:47 b'36,0,92,3,4,5,6,7,8,9,10,11,12,13,14,15,16,17,18,19,20,21,22,23,24,25,26,27,28,29,30,31,32,33,34,35,36,37,38,39,40,41,42,43,44,45,46,47,48,49,50,\r\n'
2023-03-02 21:44:48 b'Signal received!\r\n'
2023-03-02 21:44:48 b'36,0,94,3,4,5,6,7,8,9,10,11,12,13,14,15,16,17,18,19,20,21,22,23,24,25,26,27,28,29,30,31,32,33,34,35,36,37,38,39,40,41,42,43,44,45,46,47,48,49,50,\r\n'
2023-03-02 21:44:48 b'Signal received!\r\n'
2023-03-02 21:44:48 b'36,0,96,3,4,5,6,7,8,9,10,11,12,13,14,15,16,17,18,19,20,21,22,23,24,25,26,27,28,29,30,31,32,33,34,35,36,37,38,39,40,41,42,43,44,45,46,47,48,49,50,\r\n'
2023-03-02 21:44:48 b'Signal received!\r\n'
2023-03-02 21:44:48 b'36,0,98,3,4,5,6,7,8,9,10,11,12,13,14,15,16,17,18,19,20,21,22,23,24,25,26,27,28,29,30,31,32,33,34,35,36,37,38,39,40,41,42,43,44,45,46,47,48,49,50,\r\n'
2023-03-02 21:44:48 b'Signal received!\r\n'
2023-03-02 21:44:48 b'37,0,100,3,4,5,6,7,8,9,10,11,12,13,14,15,16,17,18,19,20,21,22,23,24,25,26,27,28,29,30,31,32,33,34,35,36,37,38,39,40,41,42,43,44,45,46,47,48,49,50,\r\n'
2023-03-02 21:44:48 b'Signal received!\r\n'
2023-03-02 21:44:49 b'37,0,102,3,4,5,6,7,8,9,10,11,12,13,14,15,16,17,18,19,20,21,22,23,24,25,26,27,28,29,30,31,32,33,34,35,36,37,38,39,40,41,42,43,44,45,46,47,48,49,50,\r\n'
2023-03-02 21:44:49 b'Signal received!\r\n'
2023-03-02 21:44:49 b'37,0,104,3,4,5,6,7,8,9,10,11,12,13,14,15,16,17,18,19,20,21,22,23,24,25,26,27,28,29,30,31,32,33,34,35,36,37,38,39,40,41,42,43,44,45,46,47,48,49,50,\r\n'
2023-03-02 21:44:49 b'Signal received!\r\n'
2023-03-02 21:44:49 b'37,0,106,3,4,5,6,7,8,9,10,11,12,13,14,15,16,17,18,19,20,21,22,23,24,25,26,27,28,29,30,31,32,33,34,35,36,37,38,39,40,41,42,43,44,45,46,47,48,49,50,\r\n'
2023-03-02 21:44:49 b'Signal received!\r\n'
2023-03-02 21:44:49 b'37,0,108,3,4,5,6,7,8,9,10,11,12,13,14,15,16,17,18,19,20,21,22,23,24,25,26,27,28,29,30,31,32,33,34,35,36,37,38,39,40,41,42,43,44,45,46,47,48,49,50,\r\n'
2023-03-02 21:44:49 b'Signal received!\r\n'
2023-03-02 21:44:49 b'38,0,110,3,4,5,6,7,8,9,10,11,12,13,14,15,16,17,18,19,20,21,22,23,24,25,26,27,28,29,30,31,32,33,34,35,36,37,38,39,40,41,42,43,44,45,46,47,48,49,50,\r\n'
2023-03-02 21:44:49 b'Signal received!\r\n'
2023-03-02 21:44:50 b'38,0,112,3,4,5,6,7,8,9,10,11,12,13,14,15,16,17,18,19,20,21,22,23,24,25,26,27,28,29,30,31,32,33,34,35,36,37,38,39,40,41,42,43,44,45,46,47,48,49,50,\r\n'
2023-03-02 21:44:50 b'Signal received!\r\n'
2023-03-02 21:44:50 b'38,0,114,3,4,5,6,7,8,9,10,11,12,13,14,15,16,17,18,19,20,21,22,23,24,25,26,27,28,29,30,31,32,33,34,35,36,37,38,39,40,41,42,43,44,45,46,47,48,49,50,\r\n'
2023-03-02 21:44:50 b'Signal received!\r\n'
2023-03-02 21:44:50 b'38,0,116,3,4,5,6,7,8,9,10,11,12,13,14,15,16,17,18,19,20,21,22,23,24,25,26,27,28,29,30,31,32,33,34,35,36,37,38,39,40,41,42,43,44,45,46,47,48,49,50,\r\n'
2023-03-02 21:44:50 b'Signal received!\r\n'
2023-03-02 21:44:50 b'38,0,118,3,4,5,6,7,8,9,10,11,12,13,14,15,16,17,18,19,20,21,22,23,24,25,26,27,28,29,30,31,32,33,34,35,36,37,38,39,40,41,42,43,44,45,46,47,48,49,50,\r\n'
2023-03-02 21:44:56 b'\r\n'
2023-03-02 21:44:56 b'LoRaWAN CN470 Class A start!\r\n'
2023-03-02 21:44:56 b'\r\n'
2023-03-02 21:44:56 b'lorawan sending\r\n'
2023-03-02 21:44:56 b'3 21 44 55 2 3 23 1 1 0 56 0 0 1 0 0 56 0 5 6 7 8 9 255 255 255 255 255 255 255 255 255 255 255 255 255 255 255 255 255 255 255 255 255 255 255 255 255 255 255 255 255 255 255 255 255 255 255 255 255 255 255 255 255 255 255 255 255 255 255 255 255 255 255 255 255 255 255 255 255 255 255 255 255 255 255 255 255 255 255 255 255 255 255 255 255 255 255 255 255 255 255 255 255 255 255 255 255 255 255 255 255 255 255 255 \r\n'
2023-03-02 21:44:57 b'\r\n'
2023-03-02 21:44:57 b'lorawan receive packet with rssi -16 , snr 12\r\n'
2023-03-02 21:44:57 b'received unconfirmed downlink: rssi = -16, snr = 12, datarate = 5\r\n'
2023-03-02 21:44:57 b'downlink recieved\r\n'
2023-03-02 21:44:57 b'Start running... This device ID is 1, priority is 0.\r\n'
2023-03-02 21:44:57 b'Nomally transmitting... This device ID is 1. \r\n'
2023-03-02 21:44:57 b'Father device id is: 0. Son device num is: 0. Device rank is: 1. Rounds is 1. Priority is 0. Network will start at: 21 46 54 2 3 23 \r\n'
2023-03-02 21:44:58 b'Now sleep:97s. \xfd'
2023-03-02 21:45:18 b'Copyright @2019-2020 Heltec Automation.All rights reserved.\r\n'
2023-03-02 21:45:18 b'Copyright @2019-2020 Heltec Automation.All rights reserved.\r\n'
2023-03-02 21:45:18 b'Waiting for AT instruct\xf9'
