2022-05-12 22:19:36 b'ASR is Waked,LowPower Mode Stopped\r\n'
2022-05-12 22:19:36 b'Time init success!\r\n'
2022-05-12 22:19:36 b'Now sleep:25s. \r\n'
2022-05-12 22:19:46 b'Auto LowPower Mode\r\n'
2022-05-12 22:20:01 b'Start running... This device ID is 5, priority is 0.\r\n'
2022-05-12 22:20:01 b'22 20 0 12 5 2022\r\n'
2022-05-12 22:20:01 b'\r\n'
2022-05-12 22:20:01 b'LoRaWAN CN470 Class A start!\r\n'
2022-05-12 22:20:01 b'\r\n'
2022-05-12 22:20:22 b'LoRa Init Success!\r\n'
2022-05-12 22:20:23 b'Network will start at: 22 22 0 12 5 22 \r\n'
2022-05-12 22:20:24 b'Now sleep:99s. \xfd'
2022-05-12 22:22:01 b'22 22 0 12 5 2022\r\n'
2022-05-12 22:22:01 b'Networking... This device ID is 5\r\n'
2022-05-12 22:22:01 b'OpenRadioDuration start!\r\n'
2022-05-12 22:22:03 b'Signal received!\r\n'
2022-05-12 22:22:04 b'1,22,22,1,12,5,22,1,1,0,56,0,0,255,255,255,255,255,255,255,255,255,255,255,255,255,255,255,255,255,255,255,255,255,255,255,255,255,255,255,255,255,255,255,255,255,255,255,255,255,255,255,255,255,255,255,255,255,255,255,255,255,255,255,255,255,255,255,255,255,255,255,255,255,255,255,255,255,255,255,255,255,255,255,255,255,255,255,255,255,255,255,255,255,255,255,255,255,255,255,255,255,255,255,255,255,255,255,255,255,255,255,255,255,255,\r\n'
2022-05-12 22:22:04 b'INSTRUCTION_NETWORKING signal receive success!\r\n'
2022-05-12 22:22:04 b'Signal received!\r\n'
2022-05-12 22:22:05 b'1,22,22,2,12,5,22,1,1,0,56,0,0,255,255,255,255,255,255,255,255,255,255,255,255,255,255,255,255,255,255,255,255,255,255,255,255,255,255,255,255,255,255,255,255,255,255,255,255,255,255,255,255,255,255,255,255,255,255,255,255,255,255,255,255,255,255,255,255,255,255,255,255,255,255,255,255,255,255,255,255,255,255,255,255,255,255,255,255,255,255,255,255,255,255,255,255,255,255,255,255,255,255,255,255,255,255,255,255,255,255,255,255,255,255,\r\n'
2022-05-12 22:22:06 b'SelectFatherEndDevice Start!\r\n'
2022-05-12 22:22:06 b'Calculate weight... Potential father ID is 1, weight is 137. neibornum:1, maxweightpos: 0 137\r\n'
2022-05-12 22:22:06 b'ReceivePriority start!\r\n'
2022-05-12 22:22:07 b'Send INSTRUCTION_NETWORKED_CONFIRM.\r\n'
2022-05-12 22:22:07 b'22 22 5 12 5 2022\r\n'
2022-05-12 22:22:08 b'Signal received!\r\n'
2022-05-12 22:22:08 b'2,22,22,7,12,5,22,6,2,0,56,1,1,255,255,255,255,255,255,255,255,255,255,255,255,255,255,255,255,255,255,255,255,255,255,255,255,255,255,255,255,255,255,255,255,255,255,255,255,255,255,255,255,255,255,255,255,255,255,255,255,255,255,255,255,255,255,255,255,255,255,255,255,255,255,255,255,255,255,255,255,255,255,255,255,255,255,255,255,255,255,255,255,255,255,255,255,255,255,255,255,255,255,255,255,255,255,255,255,255,255,255,255,255,255,\r\n'
2022-05-12 22:22:09 b'Send INSTRUCTION_NETWORKED_CONFIRM.\r\n'
2022-05-12 22:22:09 b'22 22 7 12 5 2022\r\n'
2022-05-12 22:22:11 b'Send INSTRUCTION_NETWORKED_CONFIRM.\r\n'
2022-05-12 22:22:12 b'22 22 10 12 5 2022\r\n'
2022-05-12 22:22:13 b'Send INSTRUCTION_NETWORKED_CONFIRM.\r\n'
2022-05-12 22:22:13 b'22 22 12 12 5 2022\r\n'
2022-05-12 22:22:17 b'Send INSTRUCTION_NETWORKED_CONFIRM.\r\n'
2022-05-12 22:22:17 b'22 22 15 12 5 2022\r\n'
2022-05-12 22:22:18 b'Signal received!\r\n'
2022-05-12 22:22:18 b'2,22,22,16,12,5,22,3,2,0,56,1,1,255,255,255,255,255,255,255,255,255,255,255,255,255,255,255,255,255,255,255,255,255,255,255,255,255,255,255,255,255,255,255,255,255,255,255,255,255,255,255,255,255,255,255,255,255,255,255,255,255,255,255,255,255,255,255,255,255,255,255,255,255,255,255,255,255,255,255,255,255,255,255,255,255,255,255,255,255,255,255,255,255,255,255,255,255,255,255,255,255,255,255,255,255,255,255,255,255,255,255,255,255,255,\r\n'
2022-05-12 22:22:19 b'Signal received!\r\n'
2022-05-12 22:22:19 b'5,22,22,17,12,5,22,1,1,1,56,0,3,255,255,255,255,255,255,255,255,255,255,255,255,255,255,255,255,255,255,255,255,255,255,255,255,255,255,255,255,255,255,255,255,255,255,255,255,255,255,255,255,255,255,255,255,255,255,255,255,255,255,255,255,255,255,255,255,255,255,255,255,255,255,255,255,255,255,255,255,255,255,255,255,255,255,255,255,255,255,255,255,255,255,255,255,255,255,255,255,255,255,255,255,255,255,255,255,255,255,255,255,255,255,\r\n'
2022-05-12 22:22:20 b'Send INSTRUCTION_NETWORKED_CONFIRM.\r\n'
2022-05-12 22:22:21 b'22 22 17 12 5 2022\r\n'
2022-05-12 22:22:21 b'Signal received!\r\n'
2022-05-12 22:22:22 b'2,22,22,18,12,5,22,6,2,0,56,1,1,255,255,255,255,255,255,255,255,255,255,255,255,255,255,255,255,255,255,255,255,255,255,255,255,255,255,255,255,255,255,255,255,255,255,255,255,255,255,255,255,255,255,255,255,255,255,255,255,255,255,255,255,255,255,255,255,255,255,255,255,255,255,255,255,255,255,255,255,255,255,255,255,255,255,255,255,255,255,255,255,255,255,255,255,255,255,255,255,255,255,255,255,255,255,255,255,255,255,255,255,255,255,\r\n'
