2022-05-12 20:03:09 b'ASR is Waked,LowPower Mode Stopped\r\n'
2022-05-12 20:03:09 b'Time init success!\r\n'
2022-05-12 20:03:09 b'Now sleep:51s. \r\n'
2022-05-12 20:03:24 b'ASR is Waked,LowPower Mode Stopped\r\n'
2022-05-12 20:03:24 b'Time init success!\r\n'
2022-05-12 20:03:24 b'Now sleep:36s. \r\n'
2022-05-12 20:03:35 b'Auto LowPower Mode\r\n'
2022-05-12 20:04:00 b'Start running... This device ID is 1, priority is 0.\r\n'
2022-05-12 20:04:00 b'20 4 0 12 5 2022\r\n'
2022-05-12 20:04:00 b'\r\n'
2022-05-12 20:04:00 b'LoRaWAN CN470 Class A start!\r\n'
2022-05-12 20:04:01 b'\r\n'
2022-05-12 20:04:07 b'\r\n'
2022-05-12 20:04:07 b'lorawan receive packet with rssi -34 , snr 12\r\n'
2022-05-12 20:04:15 b'\r\n'
2022-05-12 20:04:16 b'lorawan receive packet with rssi -33 , snr 12\r\n'
2022-05-12 20:04:16 b'LoRaWAN Init Success!\r\n'
2022-05-12 20:04:17 b'Network will start at: 20 6 0 12 5 22 \r\n'
2022-05-12 20:04:18 b'Now sleep:105s. \xfd'
2022-05-12 20:06:00 b'20 6 0 12 5 2022\r\n'
2022-05-12 20:06:00 b'Networking... This device ID is 1\r\n'
2022-05-12 20:06:00 b'Lorawan mode, sending networking signal.\r\n'
2022-05-12 20:06:01 b'LoraRandomSend start!\r\n'
2022-05-12 20:06:04 b'Now sleep:1s. \xfd'
2022-05-12 20:06:05 b'AssignPriority start!\r\n'
2022-05-12 20:06:05 b'20 6 5 12 5 2022\r\n'
2022-05-12 20:06:06 b'OpenRadioDuration start!\r\n'
2022-05-12 20:06:06 b'Signal received!\r\n'
2022-05-12 20:06:06 b'2,20,6,5,12,5,22,5,2,0,56,1,1,255,255,255,255,255,255,255,255,255,255,255,255,255,255,255,255,255,255,255,255,255,255,255,255,255,255,255,255,255,255,255,255,255,255,255,255,255,255,255,255,255,255,255,255,255,255,255,255,255,255,255,255,255,255,255,255,255,255,255,255,255,255,255,255,255,255,255,255,255,255,255,255,255,255,255,255,255,255,255,255,255,255,255,255,255,255,255,255,255,255,255,255,255,255,255,255,255,255,255,255,255,255,\r\n'
2022-05-12 20:06:07 b'Signal received!\r\n'
2022-05-12 20:06:08 b'2,20,6,6,12,5,22,6,2,0,56,1,1,255,255,255,255,255,255,255,255,255,255,255,255,255,255,255,255,255,255,255,255,255,255,255,255,255,255,255,255,255,255,255,255,255,255,255,255,255,255,255,255,255,255,255,255,255,255,255,255,255,255,255,255,255,255,255,255,255,255,255,255,255,255,255,255,255,255,255,255,255,255,255,255,255,255,255,255,255,255,255,255,255,255,255,255,255,255,255,255,255,255,255,255,255,255,255,255,255,255,255,255,255,255,\r\n'
2022-05-12 20:06:08 b'Signal received!\r\n'
2022-05-12 20:06:09 b'1,20,6,7,12,5,22,5,2,1,56,1,0,255,255,255,255,255,255,255,255,255,255,255,255,255,255,255,255,255,255,255,255,255,255,255,255,255,255,255,255,255,255,255,255,255,255,255,255,255,255,255,255,255,255,255,255,255,255,255,255,255,255,255,255,255,255,255,255,255,255,255,255,255,255,255,255,255,255,255,255,255,255,255,255,255,255,255,255,255,255,255,255,255,255,255,255,255,255,255,255,255,255,255,255,255,255,255,255,255,255,255,255,255,255,\r\n'
2022-05-12 20:06:10 b'INSTRUCTION_NETWORKING signal receive success!\r\n'
2022-05-12 20:06:10 b'Signal received!\r\n'
2022-05-12 20:06:11 b'1,20,6,8,12,5,22,6,2,2,56,1,0,255,255,255,255,255,255,255,255,255,255,255,255,255,255,255,255,255,255,255,255,255,255,255,255,255,255,255,255,255,255,255,255,255,255,255,255,255,255,255,255,255,255,255,255,255,255,255,255,255,255,255,255,255,255,255,255,255,255,255,255,255,255,255,255,255,255,255,255,255,255,255,255,255,255,255,255,255,255,255,255,255,255,255,255,255,255,255,255,255,255,255,255,255,255,255,255,255,255,255,255,255,255,\r\n'
2022-05-12 20:06:11 b'INSTRUCTION_NETWORKING signal receive success!\r\n'
2022-05-12 20:06:12 b'Signal received!\r\n'
2022-05-12 20:06:12 b'1,20,6,9,12,5,22,5,2,1,56,1,0,255,255,255,255,255,255,255,255,255,255,255,255,255,255,255,255,255,255,255,255,255,255,255,255,255,255,255,255,255,255,255,255,255,255,255,255,255,255,255,255,255,255,255,255,255,255,255,255,255,255,255,255,255,255,255,255,255,255,255,255,255,255,255,255,255,255,255,255,255,255,255,255,255,255,255,255,255,255,255,255,255,255,255,255,255,255,255,255,255,255,255,255,255,255,255,255,255,255,255,255,255,255,\r\n'
2022-05-12 20:06:12 b'Signal received!\r\n'
2022-05-12 20:06:13 b'1,20,6,10,12,5,22,6,2,2,56,1,0,255,255,255,255,255,255,255,255,255,255,255,255,255,255,255,255,255,255,255,255,255,255,255,255,255,255,255,255,255,255,255,255,255,255,255,255,255,255,255,255,255,255,255,255,255,255,255,255,255,255,255,255,255,255,255,255,255,255,255,255,255,255,255,255,255,255,255,255,255,255,255,255,255,255,255,255,255,255,255,255,255,255,255,255,255,255,255,255,255,255,255,255,255,255,255,255,255,255,255,255,255,255,\r\n'
2022-05-12 20:06:13 b'20 6 11 12 5 2022\r\n'
2022-05-12 20:06:14 b'OpenRadioDuration start!\r\n'
2022-05-12 20:06:16 b'20 6 16 12 5 2022\r\n'
2022-05-12 20:06:17 b'OpenRadioDuration start!\r\n'
2022-05-12 20:06:21 b'Lorawan networking success.\r\n'
2022-05-12 20:06:22 b'Nomally transmitting... This device ID is 1. \r\n'
2022-05-12 20:06:22 b'Father device id is: 0. Son device num is: 2. Device rank is: 1. Rounds is 0. Priority is 0. Son device 1 is 5. Son device 2 is 6. Network will start at: 20 8 0 12 5 22 \r\n'
2022-05-12 20:06:22 b'Now sleep:89s. \xfd'
2022-05-12 20:07:51 b'20 7 50 12 5 2022\r\n'
2022-05-12 20:07:51 b'OpenRadioDuration start!\r\n'
2022-05-12 20:07:53 b'Signal received!\r\n'
2022-05-12 20:07:54 b'3,20,7,53,12,5,22,6,2,2,56,1,1,6,6,6,6,6,6,6,6,6,255,255,255,255,255,255,255,255,255,255,255,255,255,255,255,255,255,255,255,255,255,255,255,255,255,255,255,255,255,255,255,255,255,255,255,255,255,255,255,255,255,255,255,255,255,255,255,255,255,255,255,255,255,255,255,255,255,255,255,255,255,255,255,255,255,255,255,255,255,255,255,255,255,255,255,255,255,255,255,255,255,255,255,255,255,255,255,255,255,255,255,255,255,\r\n'
2022-05-12 20:08:01 b'\r\n'
2022-05-12 20:08:02 b'LoRaWAN CN470 Class A start!\r\n'
2022-05-12 20:08:02 b'\r\n'
2022-05-12 20:08:03 b'lorawan sending\r\n'
2022-05-12 20:08:04 b'3 20 8 0 12 5 22 1 1 0 56 0 0 6 6 6 6 6 6 6 6 6 1 1 1 1 1 1 1 1 1 255 255 255 255 255 255 255 255 255 255 255 255 255 255 255 255 255 255 255 255 255 255 255 255 255 255 255 255 255 255 255 255 255 255 255 255 255 255 255 255 255 255 255 255 255 255 255 255 255 255 255 255 255 255 255 255 255 255 255 255 255 255 255 255 255 255 255 255 255 255 255 255 255 255 255 255 255 255 255 255 255 255 255 255 \r\n'
2022-05-12 20:08:04 b'\r\n'
2022-05-12 20:08:05 b'lorawan receive packet with rssi -34 , snr 11\r\n'
2022-05-12 20:08:06 b'\r\n'
2022-05-12 20:08:06 b'lorawan receive packet with rssi -34 , snr 12\r\n'
2022-05-12 20:08:07 b'\r\n'
2022-05-12 20:08:07 b'lorawan receive packet with rssi -33 , snr 12\r\n'
2022-05-12 20:08:08 b'\r\n'
2022-05-12 20:08:09 b'lorawan receive packet with rssi -33 , snr 11\r\n'
2022-05-12 20:08:09 b'Start running... This device ID is 1, priority is 0.\r\n'
2022-05-12 20:08:10 b'Nomally transmitting... This device ID is 1. \r\n'
2022-05-12 20:08:11 b'Father device id is: 0. Son device num is: 2. Device rank is: 1. Rounds is 1. Priority is 0. Son device 1 is 5. Son device 2 is 6. Network will start at: 20 10 0 12 5 22 \r\n'
2022-05-12 20:08:11 b'Now sleep:104s. \xfd'
2022-05-12 20:09:50 b'20 9 50 12 5 2022\r\n'
2022-05-12 20:09:51 b'OpenRadioDuration start!\r\n'
2022-05-12 20:09:54 b'Signal received!\r\n'
2022-05-12 20:09:54 b'3,20,9,52,12,5,22,6,2,2,56,1,1,6,6,6,6,6,6,6,6,6,255,255,255,255,255,255,255,255,255,255,255,255,255,255,255,255,255,255,255,255,255,255,255,255,255,255,255,255,255,255,255,255,255,255,255,255,255,255,255,255,255,255,255,255,255,255,255,255,255,255,255,255,255,255,255,255,255,255,255,255,255,255,255,255,255,255,255,255,255,255,255,255,255,255,255,255,255,255,255,255,255,255,255,255,255,255,255,255,255,255,255,255,255,\r\n'
2022-05-12 20:10:01 b'\r\n'
2022-05-12 20:10:02 b'LoRaWAN CN470 Class A start!\r\n'
2022-05-12 20:10:03 b'\r\n'
2022-05-12 20:10:03 b'lorawan sending\r\n'
2022-05-12 20:10:04 b'3 20 10 0 12 5 22 1 1 0 56 0 0 6 6 6 6 6 6 6 6 6 1 1 1 1 1 1 1 1 1 255 255 255 255 255 255 255 255 255 255 255 255 255 255 255 255 255 255 255 255 255 255 255 255 255 255 255 255 255 255 255 255 255 255 255 255 255 255 255 255 255 255 255 255 255 255 255 255 255 255 255 255 255 255 255 255 255 255 255 255 255 255 255 255 255 255 255 255 255 255 255 255 255 255 255 255 255 255 255 255 255 255 255 255 \r\n'
2022-05-12 20:10:12 b'\r\n'
2022-05-12 20:10:12 b'lorawan receive packet with rssi -43 , snr 12\r\n'
2022-05-12 20:10:13 b'\r\n'
2022-05-12 20:10:14 b'lorawan receive packet with rssi -42 , snr 12\r\n'
2022-05-12 20:10:14 b'Start running... This device ID is 1, priority is 0.\r\n'
2022-05-12 20:10:15 b'Nomally transmitting... This device ID is 1. \r\n'
2022-05-12 20:10:16 b'Father device id is: 0. Son device num is: 2. Device rank is: 1. Rounds is 2. Priority is 0. Son device 1 is 5. Son device 2 is 6. Network will start at: 20 12 0 12 5 22 \r\n'
2022-05-12 20:10:16 b'Now sleep:98s. \xfd'
2022-05-12 20:11:51 b'20 11 50 12 5 2022\r\n'
2022-05-12 20:11:52 b'OpenRadioDuration start!\r\n'
2022-05-12 20:11:54 b'Signal received!\r\n'
2022-05-12 20:11:55 b'3,20,11,52,12,5,22,6,2,2,56,1,1,6,6,6,6,6,6,6,6,6,255,255,255,255,255,255,255,255,255,255,255,255,255,255,255,255,255,255,255,255,255,255,255,255,255,255,255,255,255,255,255,255,255,255,255,255,255,255,255,255,255,255,255,255,255,255,255,255,255,255,255,255,255,255,255,255,255,255,255,255,255,255,255,255,255,255,255,255,255,255,255,255,255,255,255,255,255,255,255,255,255,255,255,255,255,255,255,255,255,255,255,255,255,\r\n'
2022-05-12 20:12:02 b'\r\n'
2022-05-12 20:12:02 b'LoRaWAN CN470 Class A start!\r\n'
2022-05-12 20:12:03 b'\r\n'
2022-05-12 20:12:04 b'lorawan sending\r\n'
2022-05-12 20:12:04 b'3 20 12 1 12 5 22 1 1 0 56 0 0 6 6 6 6 6 6 6 6 6 1 1 1 1 1 1 1 1 1 255 255 255 255 255 255 255 255 255 255 255 255 255 255 255 255 255 255 255 255 255 255 255 255 255 255 255 255 255 255 255 255 255 255 255 255 255 255 255 255 255 255 255 255 255 255 255 255 255 255 255 255 255 255 255 255 255 255 255 255 255 255 255 255 255 255 255 255 255 255 255 255 255 255 255 255 255 255 255 255 255 255 255 255 \r\n'
2022-05-12 20:12:05 b'\r\n'
2022-05-12 20:12:06 b'lorawan receive packet with rssi -43 , snr 12\r\n'
2022-05-12 20:12:06 b'\r\n'
2022-05-12 20:12:07 b'lorawan receive packet with rssi -43 , snr 12\r\n'
2022-05-12 20:12:11 b'\r\n'
2022-05-12 20:12:11 b'lorawan receive packet with rssi -40 , snr 13\r\n'
2022-05-12 20:12:12 b'Start running... This device ID is 1, priority is 0.\r\n'
2022-05-12 20:12:13 b'Nomally transmitting... This device ID is 1. \r\n'
2022-05-12 20:12:13 b'Father device id is: 0. Son device num is: 2. Device rank is: 1. Rounds is 3. Priority is 0. Son device 1 is 5. Son device 2 is 6. Network will start at: 20 14 0 12 5 22 \r\n'
2022-05-12 20:12:14 b'Now sleep:100s. \xfd'
2022-05-12 20:13:51 b'20 13 50 12 5 2022\r\n'
2022-05-12 20:13:51 b'OpenRadioDuration start!\r\n'
2022-05-12 20:13:54 b'Signal received!\r\n'
2022-05-12 20:13:55 b'3,20,13,52,12,5,22,6,2,2,56,1,1,6,6,6,6,6,6,6,6,6,255,255,255,255,255,255,255,255,255,255,255,255,255,255,255,255,255,255,255,255,255,255,255,255,255,255,255,255,255,255,255,255,255,255,255,255,255,255,255,255,255,255,255,255,255,255,255,255,255,255,255,255,255,255,255,255,255,255,255,255,255,255,255,255,255,255,255,255,255,255,255,255,255,255,255,255,255,255,255,255,255,255,255,255,255,255,255,255,255,255,255,255,255,\r\n'
2022-05-12 20:14:01 b'\r\n'
2022-05-12 20:14:02 b'LoRaWAN CN470 Class A start!\r\n'
2022-05-12 20:14:02 b'\r\n'
2022-05-12 20:14:03 b'lorawan sending\r\n'
2022-05-12 20:14:04 b'3 20 14 1 12 5 22 1 1 0 56 0 0 6 6 6 6 6 6 6 6 6 1 1 1 1 1 1 1 1 1 255 255 255 255 255 255 255 255 255 255 255 255 255 255 255 255 255 255 255 255 255 255 255 255 255 255 255 255 255 255 255 255 255 255 255 255 255 255 255 255 255 255 255 255 255 255 255 255 255 255 255 255 255 255 255 255 255 255 255 255 255 255 255 255 255 255 255 255 255 255 255 255 255 255 255 255 255 255 255 255 255 255 255 255 \r\n'
2022-05-12 20:14:04 b'\r\n'
2022-05-12 20:14:05 b'lorawan receive packet with rssi -37 , snr 12\r\n'
2022-05-12 20:14:06 b'\r\n'
2022-05-12 20:14:06 b'lorawan receive packet with rssi -37 , snr 11\r\n'
2022-05-12 20:14:07 b'\r\n'
2022-05-12 20:14:07 b'lorawan receive packet with rssi -40 , snr 13\r\n'
2022-05-12 20:14:08 b'\r\n'
2022-05-12 20:14:09 b'lorawan receive packet with rssi -34 , snr 13\r\n'
2022-05-12 20:14:09 b'Start running... This device ID is 1, priority is 0.\r\n'
2022-05-12 20:14:10 b'Nomally transmitting... This device ID is 1. \r\n'
2022-05-12 20:14:11 b'Father device id is: 0. Son device num is: 2. Device rank is: 1. Rounds is 4. Priority is 0. Son device 1 is 5. Son device 2 is 6. Network will start at: 20 16 0 12 5 22 \r\n'
2022-05-12 20:14:11 b'Now sleep:104s. \xfd'
2022-05-12 20:15:51 b'20 15 50 12 5 2022\r\n'
2022-05-12 20:15:51 b'OpenRadioDuration start!\r\n'
2022-05-12 20:15:54 b'Signal received!\r\n'
2022-05-12 20:15:55 b'3,20,15,52,12,5,22,6,2,2,56,1,1,6,6,6,6,6,6,6,6,6,255,255,255,255,255,255,255,255,255,255,255,255,255,255,255,255,255,255,255,255,255,255,255,255,255,255,255,255,255,255,255,255,255,255,255,255,255,255,255,255,255,255,255,255,255,255,255,255,255,255,255,255,255,255,255,255,255,255,255,255,255,255,255,255,255,255,255,255,255,255,255,255,255,255,255,255,255,255,255,255,255,255,255,255,255,255,255,255,255,255,255,255,255,\r\n'
2022-05-12 20:16:02 b'\r\n'
2022-05-12 20:16:02 b'LoRaWAN CN470 Class A start!\r\n'
2022-05-12 20:16:03 b'\r\n'
2022-05-12 20:16:03 b'lorawan sending\r\n'
2022-05-12 20:16:04 b'3 20 16 1 12 5 22 1 1 0 56 0 0 6 6 6 6 6 6 6 6 6 1 1 1 1 1 1 1 1 1 255 255 255 255 255 255 255 255 255 255 255 255 255 255 255 255 255 255 255 255 255 255 255 255 255 255 255 255 255 255 255 255 255 255 255 255 255 255 255 255 255 255 255 255 255 255 255 255 255 255 255 255 255 255 255 255 255 255 255 255 255 255 255 255 255 255 255 255 255 255 255 255 255 255 255 255 255 255 255 255 255 255 255 255 \r\n'
2022-05-12 20:16:05 b'\r\n'
2022-05-12 20:16:05 b'lorawan receive packet with rssi -38 , snr 12\r\n'
2022-05-12 20:16:06 b'\r\n'
2022-05-12 20:16:07 b'lorawan receive packet with rssi -38 , snr 12\r\n'
2022-05-12 20:16:07 b'\r\n'
2022-05-12 20:16:08 b'lorawan receive packet with rssi -37 , snr 13\r\n'
2022-05-12 20:16:08 b'\r\n'
2022-05-12 20:16:09 b'lorawan receive packet with rssi -36 , snr 12\r\n'
2022-05-12 20:16:10 b'Start running... This device ID is 1, priority is 0.\r\n'
2022-05-12 20:16:10 b'Nomally transmitting... This device ID is 1. \r\n'
2022-05-12 20:16:11 b'Father device id is: 0. Son device num is: 2. Device rank is: 1. Rounds is 5. Priority is 0. Son device 1 is 5. Son device 2 is 6. Network will start at: 20 18 0 12 5 22 \r\n'
2022-05-12 20:16:12 b'Now sleep:104s. \xfd'
2022-05-12 20:17:51 b'20 17 50 12 5 2022\r\n'
2022-05-12 20:17:52 b'OpenRadioDuration start!\r\n'
2022-05-12 20:17:53 b'Signal received!\r\n'
2022-05-12 20:17:54 b'3,20,17,52,12,5,22,6,2,2,56,1,1,6,6,6,6,6,6,6,6,6,255,255,255,255,255,255,255,255,255,255,255,255,255,255,255,255,255,255,255,255,255,255,255,255,255,255,255,255,255,255,255,255,255,255,255,255,255,255,255,255,255,255,255,255,255,255,255,255,255,255,255,255,255,255,255,255,255,255,255,255,255,255,255,255,255,255,255,255,255,255,255,255,255,255,255,255,255,255,255,255,255,255,255,255,255,255,255,255,255,255,255,255,255,\r\n'
2022-05-12 20:18:02 b'\r\n'
2022-05-12 20:18:02 b'LoRaWAN CN470 Class A start!\r\n'
2022-05-12 20:18:03 b'\r\n'
2022-05-12 20:18:04 b'lorawan sending\r\n'
2022-05-12 20:18:04 b'3 20 18 1 12 5 22 1 1 0 56 0 0 6 6 6 6 6 6 6 6 6 1 1 1 1 1 1 1 1 1 255 255 255 255 255 255 255 255 255 255 255 255 255 255 255 255 255 255 255 255 255 255 255 255 255 255 255 255 255 255 255 255 255 255 255 255 255 255 255 255 255 255 255 255 255 255 255 255 255 255 255 255 255 255 255 255 255 255 255 255 255 255 255 255 255 255 255 255 255 255 255 255 255 255 255 255 255 255 255 255 255 255 255 255 \r\n'
2022-05-12 20:18:05 b'\r\n'
2022-05-12 20:18:06 b'lorawan receive packet with rssi -29 , snr 11\r\n'
2022-05-12 20:18:09 b'\r\n'
2022-05-12 20:18:09 b'lorawan receive packet with rssi -28 , snr 13\r\n'
2022-05-12 20:18:11 b'\r\n'
2022-05-12 20:18:11 b'lorawan receive packet with rssi -28 , snr 13\r\n'
2022-05-12 20:18:12 b'Start running... This device ID is 1, priority is 0.\r\n'
2022-05-12 20:18:12 b'Nomally transmitting... This device ID is 1. \r\n'
2022-05-12 20:18:13 b'Father device id is: 0. Son device num is: 2. Device rank is: 1. Rounds is 6. Priority is 0. Son device 1 is 5. Son device 2 is 6. Network will start at: 20 20 0 12 5 22 \r\n'
2022-05-12 20:18:14 b'Now sleep:101s. \xfd'
2022-05-12 20:19:51 b'20 19 50 12 5 2022\r\n'
2022-05-12 20:19:51 b'OpenRadioDuration start!\r\n'
2022-05-12 20:19:53 b'Signal received!\r\n'
2022-05-12 20:19:54 b'3,20,19,52,12,5,22,6,2,2,56,1,1,6,6,6,6,6,6,6,6,6,255,255,255,255,255,255,255,255,255,255,255,255,255,255,255,255,255,255,255,255,255,255,255,255,255,255,255,255,255,255,255,255,255,255,255,255,255,255,255,255,255,255,255,255,255,255,255,255,255,255,255,255,255,255,255,255,255,255,255,255,255,255,255,255,255,255,255,255,255,255,255,255,255,255,255,255,255,255,255,255,255,255,255,255,255,255,255,255,255,255,255,255,255,\r\n'
2022-05-12 20:20:02 b'\r\n'
2022-05-12 20:20:02 b'LoRaWAN CN470 Class A start!\r\n'
2022-05-12 20:20:03 b'\r\n'
2022-05-12 20:20:03 b'lorawan sending\r\n'
2022-05-12 20:20:04 b'3 20 20 1 12 5 22 1 1 0 56 0 0 6 6 6 6 6 6 6 6 6 1 1 1 1 1 1 1 1 1 255 255 255 255 255 255 255 255 255 255 255 255 255 255 255 255 255 255 255 255 255 255 255 255 255 255 255 255 255 255 255 255 255 255 255 255 255 255 255 255 255 255 255 255 255 255 255 255 255 255 255 255 255 255 255 255 255 255 255 255 255 255 255 255 255 255 255 255 255 255 255 255 255 255 255 255 255 255 255 255 255 255 255 255 \r\n'
2022-05-12 20:20:05 b'\r\n'
2022-05-12 20:20:05 b'lorawan receive packet with rssi -31 , snr 12\r\n'
2022-05-12 20:20:06 b'\r\n'
2022-05-12 20:20:07 b'lorawan receive packet with rssi -30 , snr 11\r\n'
2022-05-12 20:20:10 b'\r\n'
2022-05-12 20:20:10 b'lorawan receive packet with rssi -30 , snr 13\r\n'
2022-05-12 20:20:11 b'Start running... This device ID is 1, priority is 0.\r\n'
2022-05-12 20:20:12 b'Nomally transmitting... This device ID is 1. \r\n'
2022-05-12 20:20:12 b'Father device id is: 0. Son device num is: 2. Device rank is: 1. Rounds is 7. Priority is 0. Son device 1 is 5. Son device 2 is 6. Network will start at: 20 22 0 12 5 22 \r\n'
2022-05-12 20:20:13 b'Now sleep:101s. \xfd'
2022-05-12 20:21:51 b'20 21 50 12 5 2022\r\n'
2022-05-12 20:21:51 b'OpenRadioDuration start!\r\n'
2022-05-12 20:21:52 b'Signal received!\r\n'
2022-05-12 20:21:52 b'3,20,21,50,12,5,22,5,2,1,56,1,1,5,5,5,5,5,5,5,5,5,5,5,5,5,5,5,5,5,5,5,5,5,5,5,5,5,5,5,5,5,5,5,5,5,5,5,5,5,5,5,5,5,5,5,5,5,5,5,5,5,5,5,5,5,5,5,5,5,5,5,5,5,5,5,5,5,5,5,5,5,5,5,5,255,255,255,255,255,255,255,255,255,255,255,255,255,255,255,255,255,255,255,255,255,255,255,255,255,255,255,255,255,255,\r\n'
2022-05-12 20:21:54 b'Signal received!\r\n'
2022-05-12 20:21:54 b'3,20,21,52,12,5,22,6,2,2,56,1,1,6,6,6,6,6,6,6,6,6,255,255,255,255,255,255,255,255,255,255,255,255,255,255,255,255,255,255,255,255,255,255,255,255,255,255,255,255,255,255,255,255,255,255,255,255,255,255,255,255,255,255,255,255,255,255,255,255,255,255,255,255,255,255,255,255,255,255,255,255,255,255,255,255,255,255,255,255,255,255,255,255,255,255,255,255,255,255,255,255,255,255,255,255,255,255,255,255,255,255,255,255,255,\r\n'
2022-05-12 20:22:01 b'\r\n'
2022-05-12 20:22:02 b'LoRaWAN CN470 Class A start!\r\n'
2022-05-12 20:22:02 b'\r\n'
2022-05-12 20:22:03 b'lorawan sending\r\n'
2022-05-12 20:22:04 b'3 20 22 1 12 5 22 1 1 0 56 0 0 5 5 5 5 5 5 5 5 5 5 5 5 5 5 5 5 5 5 5 5 5 5 5 5 5 5 5 5 5 5 5 5 5 5 5 5 5 5 5 5 5 5 5 5 5 5 5 5 5 5 5 5 5 5 5 5 5 5 5 5 5 5 5 5 5 5 5 5 5 5 5 5 6 6 6 6 6 6 6 6 6 1 1 1 1 1 1 1 1 1 255 255 255 255 255 255 255 255 255 255 255 255 \r\n'
2022-05-12 20:22:04 b'\r\n'
2022-05-12 20:22:05 b'lorawan receive packet with rssi -30 , snr 12\r\n'
2022-05-12 20:22:06 b'\r\n'
2022-05-12 20:22:06 b'lorawan receive packet with rssi -30 , snr 11\r\n'
2022-05-12 20:22:07 b'\r\n'
2022-05-12 20:22:07 b'lorawan receive packet with rssi -30 , snr 11\r\n'
2022-05-12 20:22:08 b'\r\n'
2022-05-12 20:22:09 b'lorawan receive packet with rssi -31 , snr 11\r\n'
2022-05-12 20:22:09 b'Network will start at: 20 24 0 12 5 22 \r\n'
2022-05-12 20:22:10 b'Wait for next cycle... Time left: 113\r\n'
2022-05-12 20:22:11 b'Now sleep:113s. \xfd'
2022-05-12 20:24:01 b'Start running... This device ID is 1, priority is 0.\r\n'
2022-05-12 20:24:01 b'20 24 0 12 5 2022\r\n'
2022-05-12 20:24:01 b'\r\n'
2022-05-12 20:24:01 b'LoRaWAN CN470 Class A start!\r\n'
2022-05-12 20:24:01 b'\r\n'
2022-05-12 20:24:02 b'\r\n'
2022-05-12 20:24:02 b'lorawan receive packet with rssi -29 , snr 12\r\n'
2022-05-12 20:24:03 b'\r\n'
2022-05-12 20:24:04 b'lorawan receive packet with rssi -29 , snr 12\r\n'
2022-05-12 20:24:13 b'LoRaWAN Init Success!\r\n'
2022-05-12 20:24:14 b'Network will start at: 20 26 0 12 5 22 \r\n'
2022-05-12 20:24:15 b'Now sleep:108s. \xfd'
2022-05-12 20:26:01 b'20 26 0 12 5 2022\r\n'
2022-05-12 20:26:01 b'Networking... This device ID is 1\r\n'
2022-05-12 20:26:02 b'Lorawan mode, sending networking signal.\r\n'
2022-05-12 20:26:02 b'LoraRandomSend start!\r\n'
2022-05-12 20:26:04 b'Now sleep:2s. \xfd'
2022-05-12 20:26:06 b'AssignPriority start!\r\n'
2022-05-12 20:26:07 b'20 26 5 12 5 2022\r\n'
2022-05-12 20:26:07 b'OpenRadioDuration start!\r\n'
2022-05-12 20:26:08 b'Signal received!\r\n'
2022-05-12 20:26:08 b'2,20,26,6,12,5,22,6,2,0,56,1,1,255,255,255,255,255,255,255,255,255,255,255,255,255,255,255,255,255,255,255,255,255,255,255,255,255,255,255,255,255,255,255,255,255,255,255,255,255,255,255,255,255,255,255,255,255,255,255,255,255,255,255,255,255,255,255,255,255,255,255,255,255,255,255,255,255,255,255,255,255,255,255,255,255,255,255,255,255,255,255,255,255,255,255,255,255,255,255,255,255,255,255,255,255,255,255,255,255,255,255,255,255,255,\r\n'
2022-05-12 20:26:09 b'Signal received!\r\n'
2022-05-12 20:26:10 b'2,20,26,8,12,5,22,5,2,0,56,1,1,255,255,255,255,255,255,255,255,255,255,255,255,255,255,255,255,255,255,255,255,255,255,255,255,255,255,255,255,255,255,255,255,255,255,255,255,255,255,255,255,255,255,255,255,255,255,255,255,255,255,255,255,255,255,255,255,255,255,255,255,255,255,255,255,255,255,255,255,255,255,255,255,255,255,255,255,255,255,255,255,255,255,255,255,255,255,255,255,255,255,255,255,255,255,255,255,255,255,255,255,255,255,\r\n'
2022-05-12 20:26:11 b'Signal received!\r\n'
2022-05-12 20:26:12 b'1,20,26,10,12,5,22,6,2,1,56,1,0,255,255,255,255,255,255,255,255,255,255,255,255,255,255,255,255,255,255,255,255,255,255,255,255,255,255,255,255,255,255,255,255,255,255,255,255,255,255,255,255,255,255,255,255,255,255,255,255,255,255,255,255,255,255,255,255,255,255,255,255,255,255,255,255,255,255,255,255,255,255,255,255,255,255,255,255,255,255,255,255,255,255,255,255,255,255,255,255,255,255,255,255,255,255,255,255,255,255,255,255,255,255,\r\n'
2022-05-12 20:26:12 b'INSTRUCTION_NETWORKING signal receive success!\r\n'
2022-05-12 20:26:13 b'20 26 11 12 5 2022\r\n'
2022-05-12 20:26:13 b'OpenRadioDuration start!\r\n'
2022-05-12 20:26:13 b'Signal received!\r\n'
2022-05-12 20:26:14 b'2,20,26,11,12,5,22,5,2,0,56,1,1,255,255,255,255,255,255,255,255,255,255,255,255,255,255,255,255,255,255,255,255,255,255,255,255,255,255,255,255,255,255,255,255,255,255,255,255,255,255,255,255,255,255,255,255,255,255,255,255,255,255,255,255,255,255,255,255,255,255,255,255,255,255,255,255,255,255,255,255,255,255,255,255,255,255,255,255,255,255,255,255,255,255,255,255,255,255,255,255,255,255,255,255,255,255,255,255,255,255,255,255,255,255,\r\n'
2022-05-12 20:26:15 b'Signal received!\r\n'
2022-05-12 20:26:16 b'1,20,26,13,12,5,22,5,2,2,56,1,0,255,255,255,255,255,255,255,255,255,255,255,255,255,255,255,255,255,255,255,255,255,255,255,255,255,255,255,255,255,255,255,255,255,255,255,255,255,255,255,255,255,255,255,255,255,255,255,255,255,255,255,255,255,255,255,255,255,255,255,255,255,255,255,255,255,255,255,255,255,255,255,255,255,255,255,255,255,255,255,255,255,255,255,255,255,255,255,255,255,255,255,255,255,255,255,255,255,255,255,255,255,255,\r\n'
2022-05-12 20:26:16 b'INSTRUCTION_NETWORKING signal receive success!\r\n'
2022-05-12 20:26:17 b'Signal received!\r\n'
2022-05-12 20:26:18 b'1,20,26,15,12,5,22,5,2,2,56,1,0,255,255,255,255,255,255,255,255,255,255,255,255,255,255,255,255,255,255,255,255,255,255,255,255,255,255,255,255,255,255,255,255,255,255,255,255,255,255,255,255,255,255,255,255,255,255,255,255,255,255,255,255,255,255,255,255,255,255,255,255,255,255,255,255,255,255,255,255,255,255,255,255,255,255,255,255,255,255,255,255,255,255,255,255,255,255,255,255,255,255,255,255,255,255,255,255,255,255,255,255,255,255,\r\n'
2022-05-12 20:26:18 b'20 26 16 12 5 2022\r\n'
2022-05-12 20:26:18 b'OpenRadioDuration start!\r\n'
2022-05-12 20:26:22 b'Lorawan networking success.\r\n'
2022-05-12 20:26:22 b'Nomally transmitting... This device ID is 1. \r\n'
2022-05-12 20:26:23 b'Father device id is: 0. Son device num is: 2. Device rank is: 1. Rounds is 0. Priority is 0. Son device 1 is 6. Son device 2 is 5. Network will start at: 20 28 0 12 5 22 \r\n'
2022-05-12 20:26:23 b'Now sleep:89s. \xfd'
2022-05-12 20:27:51 b'20 27 50 12 5 2022\r\n'
2022-05-12 20:27:52 b'OpenRadioDuration start!\r\n'
2022-05-12 20:27:52 b'Signal received!\r\n'
2022-05-12 20:27:52 b'3,20,27,50,12,5,22,6,2,1,56,1,1,6,6,6,6,6,6,6,6,6,255,255,255,255,255,255,255,255,255,255,255,255,255,255,255,255,255,255,255,255,255,255,255,255,255,255,255,255,255,255,255,255,255,255,255,255,255,255,255,255,255,255,255,255,255,255,255,255,255,255,255,255,255,255,255,255,255,255,255,255,255,255,255,255,255,255,255,255,255,255,255,255,255,255,255,255,255,255,255,255,255,255,255,255,255,255,255,255,255,255,255,255,255,\r\n'
2022-05-12 20:27:54 b'Signal received!\r\n'
2022-05-12 20:27:55 b'3,20,27,53,12,5,22,5,2,2,56,1,1,5,5,5,5,5,5,5,5,5,255,255,255,255,255,255,255,255,255,255,255,255,255,255,255,255,255,255,255,255,255,255,255,255,255,255,255,255,255,255,255,255,255,255,255,255,255,255,255,255,255,255,255,255,255,255,255,255,255,255,255,255,255,255,255,255,255,255,255,255,255,255,255,255,255,255,255,255,255,255,255,255,255,255,255,255,255,255,255,255,255,255,255,255,255,255,255,255,255,255,255,255,255,\r\n'
2022-05-12 20:28:02 b'\r\n'
2022-05-12 20:28:03 b'LoRaWAN CN470 Class A start!\r\n'
2022-05-12 20:28:03 b'\r\n'
2022-05-12 20:28:04 b'lorawan sending\r\n'
2022-05-12 20:28:05 b'3 20 28 1 12 5 22 1 1 0 56 0 0 6 6 6 6 6 6 6 6 6 5 5 5 5 5 5 5 5 5 1 1 1 1 1 1 1 1 1 255 255 255 255 255 255 255 255 255 255 255 255 255 255 255 255 255 255 255 255 255 255 255 255 255 255 255 255 255 255 255 255 255 255 255 255 255 255 255 255 255 255 255 255 255 255 255 255 255 255 255 255 255 255 255 255 255 255 255 255 255 255 255 255 255 255 255 255 255 255 255 255 255 255 255 \r\n'
2022-05-12 20:28:05 b'\r\n'
2022-05-12 20:28:06 b'lorawan receive packet with rssi -35 , snr 12\r\n'
2022-05-12 20:28:07 b'\r\n'
