2022-05-12 21:32:08 b'ASR is Waked,LowPower Mode Stopped\r\n'
2022-05-12 21:32:08 b'Time init success!\r\n'
2022-05-12 21:32:08 b'Now sleep:53s. \r\n'
2022-05-12 21:32:18 b'Auto LowPower Mode\r\n'
2022-05-12 21:33:01 b'Start running... This device ID is 5, priority is 0.\r\n'
2022-05-12 21:33:01 b'21 33 0 12 5 2022\r\n'
2022-05-12 21:33:01 b'\r\n'
2022-05-12 21:33:01 b'LoRaWAN CN470 Class A start!\r\n'
2022-05-12 21:33:01 b'\r\n'
2022-05-12 21:33:20 b'LoRa Init Success!\r\n'
2022-05-12 21:33:20 b'Network will start at: 21 35 0 12 5 22 \r\n'
2022-05-12 21:33:21 b'Now sleep:101s. \xfd'
2022-05-12 21:35:01 b'21 35 0 12 5 2022\r\n'
2022-05-12 21:35:01 b'Networking... This device ID is 5\r\n'
2022-05-12 21:35:01 b'OpenRadioDuration start!\r\n'
2022-05-12 21:35:02 b'Signal received!\r\n'
2022-05-12 21:35:03 b'1,21,35,1,12,5,22,1,1,0,56,0,0,255,255,255,255,255,255,255,255,255,255,255,255,255,255,255,255,255,255,255,255,255,255,255,255,255,255,255,255,255,255,255,255,255,255,255,255,255,255,255,255,255,255,255,255,255,255,255,255,255,255,255,255,255,255,255,255,255,255,255,255,255,255,255,255,255,255,255,255,255,255,255,255,255,255,255,255,255,255,255,255,255,255,255,255,255,255,255,255,255,255,255,255,255,255,255,255,255,255,255,255,255,255,\r\n'
2022-05-12 21:35:03 b'INSTRUCTION_NETWORKING signal receive success!\r\n'
2022-05-12 21:35:04 b'Signal received!\r\n'
2022-05-12 21:35:05 b'1,21,35,2,12,5,22,1,1,0,56,0,0,255,255,255,255,255,255,255,255,255,255,255,255,255,255,255,255,255,255,255,255,255,255,255,255,255,255,255,255,255,255,255,255,255,255,255,255,255,255,255,255,255,255,255,255,255,255,255,255,255,255,255,255,255,255,255,255,255,255,255,255,255,255,255,255,255,255,255,255,255,255,255,255,255,255,255,255,255,255,255,255,255,255,255,255,255,255,255,255,255,255,255,255,255,255,255,255,255,255,255,255,255,255,\r\n'
2022-05-12 21:35:06 b'SelectFatherEndDevice Start!\r\n'
2022-05-12 21:35:06 b'Calculate weight... Potential father ID is 1, weight is 136. neibornum:1, maxweightpos: 0 136\r\n'
2022-05-12 21:35:06 b'ReceivePriority start!\r\n'
2022-05-12 21:35:07 b'Send INSTRUCTION_NETWORKED_CONFIRM.\r\n'
2022-05-12 21:35:07 b'21 35 5 12 5 2022\r\n'
2022-05-12 21:35:09 b'Signal received!\r\n'
2022-05-12 21:35:10 b'2,21,35,8,12,5,22,6,2,0,56,1,1,255,255,255,255,255,255,255,255,255,255,255,255,255,255,255,255,255,255,255,255,255,255,255,255,255,255,255,255,255,255,255,255,255,255,255,255,255,255,255,255,255,255,255,255,255,255,255,255,255,255,255,255,255,255,255,255,255,255,255,255,255,255,255,255,255,255,255,255,255,255,255,255,255,255,255,255,255,255,255,255,255,255,255,255,255,255,255,255,255,255,255,255,255,255,255,255,255,255,255,255,255,255,\r\n'
2022-05-12 21:35:11 b'Send INSTRUCTION_NETWORKED_CONFIRM.\r\n'
2022-05-12 21:35:12 b'21 35 10 12 5 2022\r\n'
2022-05-12 21:35:12 b'Signal received!\r\n'
2022-05-12 21:35:13 b'5,21,35,11,12,5,22,1,1,1,56,0,5,255,255,255,255,255,255,255,255,255,255,255,255,255,255,255,255,255,255,255,255,255,255,255,255,255,255,255,255,255,255,255,255,255,255,255,255,255,255,255,255,255,255,255,255,255,255,255,255,255,255,255,255,255,255,255,255,255,255,255,255,255,255,255,255,255,255,255,255,255,255,255,255,255,255,255,255,255,255,255,255,255,255,255,255,255,255,255,255,255,255,255,255,255,255,255,255,255,255,255,255,255,255,\r\n'
2022-05-12 21:35:13 b'LoraRandomSend start!\r\n'
2022-05-12 21:35:14 b'Now sleep:3s. \xfd'
2022-05-12 21:35:18 b'Lora networking...\r\n'
2022-05-12 21:35:18 b'AssignPriority start!\r\n'
2022-05-12 21:35:19 b'21 35 16 12 5 2022\r\n'
2022-05-12 21:35:19 b'OpenRadioDuration start!\r\n'
2022-05-12 21:35:20 b'Signal received!\r\n'
2022-05-12 21:35:21 b'2,21,35,16,12,5,22,3,2,0,56,1,1,255,255,255,255,255,255,255,255,255,255,255,255,255,255,255,255,255,255,255,255,255,255,255,255,255,255,255,255,255,255,255,255,255,255,255,255,255,255,255,255,255,255,255,255,255,255,255,255,255,255,255,255,255,255,255,255,255,255,255,255,255,255,255,255,255,255,255,255,255,255,255,255,255,255,255,255,255,255,255,255,255,255,255,255,255,255,255,255,255,255,255,255,255,255,255,255,255,255,255,255,255,255,\r\n'
2022-05-12 21:35:21 b'Signal received!\r\n'
2022-05-12 21:35:22 b'5,21,35,17,12,5,22,1,1,2,56,0,3,255,255,255,255,255,255,255,255,255,255,255,255,255,255,255,255,255,255,255,255,255,255,255,255,255,255,255,255,255,255,255,255,255,255,255,255,255,255,255,255,255,255,255,255,255,255,255,255,255,255,255,255,255,255,255,255,255,255,255,255,255,255,255,255,255,255,255,255,255,255,255,255,255,255,255,255,255,255,255,255,255,255,255,255,255,255,255,255,255,255,255,255,255,255,255,255,255,255,255,255,255,255,\r\n'
2022-05-12 21:35:22 b'Signal received!\r\n'
2022-05-12 21:35:23 b'2,21,35,18,12,5,22,6,2,0,56,1,1,255,255,255,255,255,255,255,255,255,255,255,255,255,255,255,255,255,255,255,255,255,255,255,255,255,255,255,255,255,255,255,255,255,255,255,255,255,255,255,255,255,255,255,255,255,255,255,255,255,255,255,255,255,255,255,255,255,255,255,255,255,255,255,255,255,255,255,255,255,255,255,255,255,255,255,255,255,255,255,255,255,255,255,255,255,255,255,255,255,255,255,255,255,255,255,255,255,255,255,255,255,255,\r\n'
2022-05-12 21:35:23 b'Signal received!\r\n'
2022-05-12 21:35:24 b'1,21,35,18,12,5,22,3,2,2,56,1,0,255,255,255,255,255,255,255,255,255,255,255,255,255,255,255,255,255,255,255,255,255,255,255,255,255,255,255,255,255,255,255,255,255,255,255,255,255,255,255,255,255,255,255,255,255,255,255,255,255,255,255,255,255,255,255,255,255,255,255,255,255,255,255,255,255,255,255,255,255,255,255,255,255,255,255,255,255,255,255,255,255,255,255,255,255,255,255,255,255,255,255,255,255,255,255,255,255,255,255,255,255,255,\r\n'
2022-05-12 21:35:24 b'Signal received!\r\n'
2022-05-12 21:35:25 b'1,21,35,19,12,5,22,3,2,2,56,1,0,255,255,255,255,255,255,255,255,255,255,255,255,255,255,255,255,255,255,255,255,255,255,255,255,255,255,255,255,255,255,255,255,255,255,255,255,255,255,255,255,255,255,255,255,255,255,255,255,255,255,255,255,255,255,255,255,255,255,255,255,255,255,255,255,255,255,255,255,255,255,255,255,255,255,255,255,255,255,255,255,255,255,255,255,255,255,255,255,255,255,255,255,255,255,255,255,255,255,255,255,255,255,\r\n'
2022-05-12 21:35:26 b'21 35 22 12 5 2022\r\n'
2022-05-12 21:35:26 b'OpenRadioDuration start!\r\n'
2022-05-12 21:35:27 b'Signal received!\r\n'
2022-05-12 21:35:27 b'1,21,35,23,12,5,22,6,2,0,56,1,0,255,255,255,255,255,255,255,255,255,255,255,255,255,255,255,255,255,255,255,255,255,255,255,255,255,255,255,255,255,255,255,255,255,255,255,255,255,255,255,255,255,255,255,255,255,255,255,255,255,255,255,255,255,255,255,255,255,255,255,255,255,255,255,255,255,255,255,255,255,255,255,255,255,255,255,255,255,255,255,255,255,255,255,255,255,255,255,255,255,255,255,255,255,255,255,255,255,255,255,255,255,255,\r\n'
2022-05-12 21:35:28 b'21 35 27 12 5 2022\r\n'
2022-05-12 21:35:28 b'OpenRadioDuration start!\r\n'
2022-05-12 21:35:33 b'Nomally transmitting... This device ID is 5. \r\n'
2022-05-12 21:35:33 b'Father device id is: 1. Son device num is: 0. Device rank is: 2. Rounds is 0. Priority is 1. Network will start at: 21 37 0 12 5 22 \r\n'
2022-05-12 21:35:34 b'Now sleep:68s. \xfd'
2022-05-12 21:36:41 b'21 36 40 12 5 2022\r\n'
2022-05-12 21:36:42 b'Now sleep:10s. \xfd'
2022-05-12 21:36:51 b'lora sending\r\n'
2022-05-12 21:36:51 b'3 21 36 50 12 5 22 5 2 1 56 1 1 5 5 5 5 5 5 5 5 5 255 255 255 255 255 255 255 255 255 255 255 255 255 255 255 255 255 255 255 255 255 255 255 255 255 255 255 255 255 255 255 255 255 255 255 255 255 255 255 255 255 255 255 255 255 255 255 255 255 255 255 255 255 255 255 255 255 255 255 255 255 255 255 255 255 255 255 255 255 255 255 255 255 255 255 255 255 255 255 255 255 255 255 255 255 255 255 255 255 255 255 255 255 \r\n'
2022-05-12 21:36:52 b'LoraTDMATransmit start! delay: 0000s.\r\n'
2022-05-12 21:36:52 b'OpenRadioDuration start!\r\n'
2022-05-12 21:36:52 b'Before Update: 21 36 51 12 5 2022\r\n'
2022-05-12 21:36:53 b'After Update: 21 36 51 12 5 2022\r\n'
2022-05-12 21:36:54 b'Signal received!\r\n'
2022-05-12 21:36:54 b'4,21,36,51,12,5,22,1,1,0,56,0,5,5,5,5,5,5,5,5,5,5,255,255,255,255,255,255,255,255,255,255,255,255,255,255,255,255,255,255,255,255,255,255,255,255,255,255,255,255,255,255,255,255,255,255,255,255,255,255,255,255,255,255,255,255,255,255,255,255,255,255,255,255,255,255,255,255,255,255,255,255,255,255,255,255,255,255,255,255,255,255,255,255,255,255,255,255,255,255,255,255,255,255,255,255,255,255,255,255,255,255,255,255,255,\r\n'
2022-05-12 21:36:55 b'Start running... This device ID is 5, priority is 1.\r\n'
2022-05-12 21:36:55 b'Nomally transmitting... This device ID is 5. \r\n'
2022-05-12 21:36:56 b'Father device id is: 1. Son device num is: 0. Device rank is: 2. Rounds is 1. Priority is 1. Network will start at: 21 39 0 12 5 22 \r\n'
2022-05-12 21:36:56 b'Now sleep:108s. \xfd'
2022-05-12 21:38:41 b'21 38 40 12 5 2022\r\n'
2022-05-12 21:38:42 b'Now sleep:10s. \xfd'
2022-05-12 21:38:51 b'lora sending\r\n'
2022-05-12 21:38:52 b'3 21 38 50 12 5 22 5 2 1 56 1 1 5 5 5 5 5 5 5 5 5 255 255 255 255 255 255 255 255 255 255 255 255 255 255 255 255 255 255 255 255 255 255 255 255 255 255 255 255 255 255 255 255 255 255 255 255 255 255 255 255 255 255 255 255 255 255 255 255 255 255 255 255 255 255 255 255 255 255 255 255 255 255 255 255 255 255 255 255 255 255 255 255 255 255 255 255 255 255 255 255 255 255 255 255 255 255 255 255 255 255 255 255 255 \r\n'
2022-05-12 21:38:52 b'LoraTDMATransmit start! delay: 0000s.\r\n'
2022-05-12 21:38:53 b'OpenRadioDuration start!\r\n'
2022-05-12 21:38:53 b'Before Update: 21 38 51 12 5 2022\r\n'
2022-05-12 21:38:54 b'After Update: 21 38 51 12 5 2022\r\n'
2022-05-12 21:38:54 b'Signal received!\r\n'
2022-05-12 21:38:55 b'4,21,38,51,12,5,22,1,1,0,56,0,5,5,5,5,5,5,5,5,5,5,255,255,255,255,255,255,255,255,255,255,255,255,255,255,255,255,255,255,255,255,255,255,255,255,255,255,255,255,255,255,255,255,255,255,255,255,255,255,255,255,255,255,255,255,255,255,255,255,255,255,255,255,255,255,255,255,255,255,255,255,255,255,255,255,255,255,255,255,255,255,255,255,255,255,255,255,255,255,255,255,255,255,255,255,255,255,255,255,255,255,255,255,255,\r\n'
2022-05-12 21:38:55 b'Start running... This device ID is 5, priority is 1.\r\n'
2022-05-12 21:38:56 b'Nomally transmitting... This device ID is 5. \r\n'
2022-05-12 21:38:56 b'Father device id is: 1. Son device num is: 0. Device rank is: 2. Rounds is 2. Priority is 1. Network will start at: 21 41 0 12 5 22 \r\n'
2022-05-12 21:38:57 b'Now sleep:108s. \xfd'
2022-05-12 21:40:41 b'21 40 40 12 5 2022\r\n'
2022-05-12 21:40:42 b'Now sleep:10s. \xfd'
2022-05-12 21:40:51 b'lora sending\r\n'
2022-05-12 21:40:52 b'3 21 40 50 12 5 22 5 2 1 56 1 1 5 5 5 5 5 5 5 5 5 255 255 255 255 255 255 255 255 255 255 255 255 255 255 255 255 255 255 255 255 255 255 255 255 255 255 255 255 255 255 255 255 255 255 255 255 255 255 255 255 255 255 255 255 255 255 255 255 255 255 255 255 255 255 255 255 255 255 255 255 255 255 255 255 255 255 255 255 255 255 255 255 255 255 255 255 255 255 255 255 255 255 255 255 255 255 255 255 255 255 255 255 255 \r\n'
2022-05-12 21:40:52 b'LoraTDMATransmit start! delay: 0000s.\r\n'
2022-05-12 21:40:53 b'OpenRadioDuration start!\r\n'
2022-05-12 21:40:53 b'Before Update: 21 40 51 12 5 2022\r\n'
2022-05-12 21:40:54 b'After Update: 21 40 51 12 5 2022\r\n'
2022-05-12 21:40:55 b'Signal received!\r\n'
2022-05-12 21:40:55 b'4,21,40,51,12,5,22,1,1,0,56,0,5,5,5,5,5,5,5,5,5,5,255,255,255,255,255,255,255,255,255,255,255,255,255,255,255,255,255,255,255,255,255,255,255,255,255,255,255,255,255,255,255,255,255,255,255,255,255,255,255,255,255,255,255,255,255,255,255,255,255,255,255,255,255,255,255,255,255,255,255,255,255,255,255,255,255,255,255,255,255,255,255,255,255,255,255,255,255,255,255,255,255,255,255,255,255,255,255,255,255,255,255,255,255,\r\n'
2022-05-12 21:40:55 b'Start running... This device ID is 5, priority is 1.\r\n'
2022-05-12 21:40:56 b'Nomally transmitting... This device ID is 5. \r\n'
2022-05-12 21:40:56 b'Father device id is: 1. Son device num is: 0. Device rank is: 2. Rounds is 3. Priority is 1. Network will start at: 21 43 0 12 5 22 \r\n'
2022-05-12 21:40:57 b'Now sleep:108s. \xfd'
2022-05-12 21:42:42 b'21 42 40 12 5 2022\r\n'
2022-05-12 21:42:42 b'Now sleep:10s. \xfd'
2022-05-12 21:42:52 b'lora sending\r\n'
2022-05-12 21:42:52 b'3 21 42 50 12 5 22 5 2 1 56 1 1 5 5 5 5 5 5 5 5 5 255 255 255 255 255 255 255 255 255 255 255 255 255 255 255 255 255 255 255 255 255 255 255 255 255 255 255 255 255 255 255 255 255 255 255 255 255 255 255 255 255 255 255 255 255 255 255 255 255 255 255 255 255 255 255 255 255 255 255 255 255 255 255 255 255 255 255 255 255 255 255 255 255 255 255 255 255 255 255 255 255 255 255 255 255 255 255 255 255 255 255 255 255 \r\n'
2022-05-12 21:42:52 b'LoraTDMATransmit start! delay: 0000s.\r\n'
2022-05-12 21:42:53 b'OpenRadioDuration start!\r\n'
2022-05-12 21:42:54 b'Before Update: 21 42 51 12 5 2022\r\n'
2022-05-12 21:42:54 b'After Update: 21 42 51 12 5 2022\r\n'
2022-05-12 21:42:54 b'Signal received!\r\n'
2022-05-12 21:42:55 b'4,21,42,51,12,5,22,1,1,0,56,0,5,5,5,5,5,5,5,5,5,5,255,255,255,255,255,255,255,255,255,255,255,255,255,255,255,255,255,255,255,255,255,255,255,255,255,255,255,255,255,255,255,255,255,255,255,255,255,255,255,255,255,255,255,255,255,255,255,255,255,255,255,255,255,255,255,255,255,255,255,255,255,255,255,255,255,255,255,255,255,255,255,255,255,255,255,255,255,255,255,255,255,255,255,255,255,255,255,255,255,255,255,255,255,\r\n'
2022-05-12 21:42:55 b'Start running... This device ID is 5, priority is 1.\r\n'
2022-05-12 21:42:56 b'Nomally transmitting... This device ID is 5. \r\n'
2022-05-12 21:42:57 b'Father device id is: 1. Son device num is: 0. Device rank is: 2. Rounds is 4. Priority is 1. Network will start at: 21 45 0 12 5 22 \r\n'
2022-05-12 21:42:57 b'Now sleep:108s. \xfd'
2022-05-12 21:44:42 b'21 44 40 12 5 2022\r\n'
2022-05-12 21:44:43 b'Now sleep:10s. \xfd'
2022-05-12 21:44:52 b'lora sending\r\n'
2022-05-12 21:44:53 b'3 21 44 50 12 5 22 5 2 1 56 1 1 5 5 5 5 5 5 5 5 5 255 255 255 255 255 255 255 255 255 255 255 255 255 255 255 255 255 255 255 255 255 255 255 255 255 255 255 255 255 255 255 255 255 255 255 255 255 255 255 255 255 255 255 255 255 255 255 255 255 255 255 255 255 255 255 255 255 255 255 255 255 255 255 255 255 255 255 255 255 255 255 255 255 255 255 255 255 255 255 255 255 255 255 255 255 255 255 255 255 255 255 255 255 \r\n'
2022-05-12 21:44:53 b'LoraTDMATransmit start! delay: 0000s.\r\n'
2022-05-12 21:44:54 b'OpenRadioDuration start!\r\n'
2022-05-12 21:44:54 b'Before Update: 21 44 51 12 5 2022\r\n'
2022-05-12 21:44:54 b'After Update: 21 44 52 12 5 2022\r\n'
2022-05-12 21:44:55 b'Signal received!\r\n'
2022-05-12 21:44:55 b'4,21,44,52,12,5,22,1,1,0,56,0,5,5,5,5,5,5,5,5,5,5,255,255,255,255,255,255,255,255,255,255,255,255,255,255,255,255,255,255,255,255,255,255,255,255,255,255,255,255,255,255,255,255,255,255,255,255,255,255,255,255,255,255,255,255,255,255,255,255,255,255,255,255,255,255,255,255,255,255,255,255,255,255,255,255,255,255,255,255,255,255,255,255,255,255,255,255,255,255,255,255,255,255,255,255,255,255,255,255,255,255,255,255,255,\r\n'
2022-05-12 21:44:56 b'Start running... This device ID is 5, priority is 1.\r\n'
2022-05-12 21:44:56 b'Nomally transmitting... This device ID is 5. \r\n'
2022-05-12 21:44:57 b'Father device id is: 1. Son device num is: 0. Device rank is: 2. Rounds is 5. Priority is 1. Network will start at: 21 47 0 12 5 22 \r\n'
2022-05-12 21:44:58 b'Now sleep:107s. \xfd'
2022-05-12 21:46:41 b'21 46 40 12 5 2022\r\n'
2022-05-12 21:46:42 b'Now sleep:10s. \xfd'
2022-05-12 21:46:51 b'lora sending\r\n'
2022-05-12 21:46:52 b'3 21 46 50 12 5 22 5 2 1 56 1 1 5 5 5 5 5 5 5 5 5 255 255 255 255 255 255 255 255 255 255 255 255 255 255 255 255 255 255 255 255 255 255 255 255 255 255 255 255 255 255 255 255 255 255 255 255 255 255 255 255 255 255 255 255 255 255 255 255 255 255 255 255 255 255 255 255 255 255 255 255 255 255 255 255 255 255 255 255 255 255 255 255 255 255 255 255 255 255 255 255 255 255 255 255 255 255 255 255 255 255 255 255 255 \r\n'
2022-05-12 21:46:52 b'LoraTDMATransmit start! delay: 0000s.\r\n'
2022-05-12 21:46:53 b'OpenRadioDuration start!\r\n'
2022-05-12 21:46:53 b'Before Update: 21 46 51 12 5 2022\r\n'
2022-05-12 21:46:54 b'After Update: 21 46 51 12 5 2022\r\n'
2022-05-12 21:46:54 b'Signal received!\r\n'
2022-05-12 21:46:55 b'4,21,46,51,12,5,22,1,1,0,56,0,5,5,5,5,5,5,5,5,5,5,255,255,255,255,255,255,255,255,255,255,255,255,255,255,255,255,255,255,255,255,255,255,255,255,255,255,255,255,255,255,255,255,255,255,255,255,255,255,255,255,255,255,255,255,255,255,255,255,255,255,255,255,255,255,255,255,255,255,255,255,255,255,255,255,255,255,255,255,255,255,255,255,255,255,255,255,255,255,255,255,255,255,255,255,255,255,255,255,255,255,255,255,255,\r\n'
2022-05-12 21:46:55 b'Start running... This device ID is 5, priority is 1.\r\n'
2022-05-12 21:46:56 b'Nomally transmitting... This device ID is 5. \r\n'
2022-05-12 21:46:56 b'Father device id is: 1. Son device num is: 0. Device rank is: 2. Rounds is 6. Priority is 1. Network will start at: 21 49 0 12 5 22 \r\n'
2022-05-12 21:46:57 b'Now sleep:108s. \xfd'
2022-05-12 21:48:41 b'21 48 40 12 5 2022\r\n'
2022-05-12 21:48:42 b'Now sleep:10s. \xfd'
2022-05-12 21:48:51 b'lora sending\r\n'
2022-05-12 21:48:52 b'3 21 48 50 12 5 22 5 2 1 56 1 1 5 5 5 5 5 5 5 5 5 255 255 255 255 255 255 255 255 255 255 255 255 255 255 255 255 255 255 255 255 255 255 255 255 255 255 255 255 255 255 255 255 255 255 255 255 255 255 255 255 255 255 255 255 255 255 255 255 255 255 255 255 255 255 255 255 255 255 255 255 255 255 255 255 255 255 255 255 255 255 255 255 255 255 255 255 255 255 255 255 255 255 255 255 255 255 255 255 255 255 255 255 255 \r\n'
2022-05-12 21:48:52 b'LoraTDMATransmit start! delay: 0000s.\r\n'
2022-05-12 21:48:53 b'OpenRadioDuration start!\r\n'
2022-05-12 21:48:53 b'Before Update: 21 48 51 12 5 2022\r\n'
2022-05-12 21:48:54 b'After Update: 21 48 51 12 5 2022\r\n'
2022-05-12 21:48:54 b'Signal received!\r\n'
2022-05-12 21:48:55 b'4,21,48,51,12,5,22,1,1,0,56,0,5,5,5,5,5,5,5,5,5,5,255,255,255,255,255,255,255,255,255,255,255,255,255,255,255,255,255,255,255,255,255,255,255,255,255,255,255,255,255,255,255,255,255,255,255,255,255,255,255,255,255,255,255,255,255,255,255,255,255,255,255,255,255,255,255,255,255,255,255,255,255,255,255,255,255,255,255,255,255,255,255,255,255,255,255,255,255,255,255,255,255,255,255,255,255,255,255,255,255,255,255,255,255,\r\n'
2022-05-12 21:48:55 b'Start running... This device ID is 5, priority is 1.\r\n'
2022-05-12 21:48:56 b'Nomally transmitting... This device ID is 5. \r\n'
2022-05-12 21:48:56 b'Father device id is: 1. Son device num is: 0. Device rank is: 2. Rounds is 7. Priority is 1. Network will start at: 21 51 0 12 5 22 \r\n'
2022-05-12 21:48:57 b'Now sleep:108s. \xfd'
2022-05-12 21:50:42 b'21 50 40 12 5 2022\r\n'
2022-05-12 21:50:43 b'Now sleep:10s. \xfd'
2022-05-12 21:50:52 b'lora sending\r\n'
2022-05-12 21:50:52 b'3 21 50 50 12 5 22 5 2 1 56 1 1 5 5 5 5 5 5 5 5 5 255 255 255 255 255 255 255 255 255 255 255 255 255 255 255 255 255 255 255 255 255 255 255 255 255 255 255 255 255 255 255 255 255 255 255 255 255 255 255 255 255 255 255 255 255 255 255 255 255 255 255 255 255 255 255 255 255 255 255 255 255 255 255 255 255 255 255 255 255 255 255 255 255 255 255 255 255 255 255 255 255 255 255 255 255 255 255 255 255 255 255 255 255 \r\n'
2022-05-12 21:50:53 b'LoraTDMATransmit start! delay: 0000s.\r\n'
2022-05-12 21:50:53 b'OpenRadioDuration start!\r\n'
2022-05-12 21:50:54 b'Before Update: 21 50 51 12 5 2022\r\n'
2022-05-12 21:50:54 b'After Update: 21 50 51 12 5 2022\r\n'
2022-05-12 21:50:54 b'Signal received!\r\n'
2022-05-12 21:50:55 b'4,21,50,51,12,5,22,1,1,0,56,0,5,5,5,5,5,5,5,5,5,5,255,255,255,255,255,255,255,255,255,255,255,255,255,255,255,255,255,255,255,255,255,255,255,255,255,255,255,255,255,255,255,255,255,255,255,255,255,255,255,255,255,255,255,255,255,255,255,255,255,255,255,255,255,255,255,255,255,255,255,255,255,255,255,255,255,255,255,255,255,255,255,255,255,255,255,255,255,255,255,255,255,255,255,255,255,255,255,255,255,255,255,255,255,\r\n'
2022-05-12 21:50:56 b'Network will start at: 21 53 0 12 5 22 \r\n'
2022-05-12 21:50:56 b'Wait for next cycle... Time left: 128\r\n'
2022-05-12 21:50:57 b'Now sleep:128s. \xfd'
2022-05-12 21:53:02 b'Start running... This device ID is 5, priority is 0.\r\n'
2022-05-12 21:53:02 b'21 53 0 12 5 2022\r\n'
2022-05-12 21:53:02 b'\r\n'
2022-05-12 21:53:02 b'LoRaWAN CN470 Class A start!\r\n'
2022-05-12 21:53:03 b'\r\n'
2022-05-12 21:53:21 b'LoRa Init Success!\r\n'
2022-05-12 21:53:22 b'Network will start at: 21 55 0 12 5 22 \r\n'
2022-05-12 21:53:22 b'Now sleep:101s. \xfd'
2022-05-12 21:55:02 b'21 55 0 12 5 2022\r\n'
2022-05-12 21:55:02 b'Networking... This device ID is 5\r\n'
2022-05-12 21:55:03 b'OpenRadioDuration start!\r\n'
2022-05-12 21:55:03 b'Signal received!\r\n'
2022-05-12 21:55:04 b'1,21,55,1,12,5,22,1,1,0,56,0,0,255,255,255,255,255,255,255,255,255,255,255,255,255,255,255,255,255,255,255,255,255,255,255,255,255,255,255,255,255,255,255,255,255,255,255,255,255,255,255,255,255,255,255,255,255,255,255,255,255,255,255,255,255,255,255,255,255,255,255,255,255,255,255,255,255,255,255,255,255,255,255,255,255,255,255,255,255,255,255,255,255,255,255,255,255,255,255,255,255,255,255,255,255,255,255,255,255,255,255,255,255,255,\r\n'
2022-05-12 21:55:04 b'INSTRUCTION_NETWORKING signal receive success!\r\n'
2022-05-12 21:55:05 b'Signal received!\r\n'
2022-05-12 21:55:06 b'1,21,55,2,12,5,22,1,1,0,56,0,0,255,255,255,255,255,255,255,255,255,255,255,255,255,255,255,255,255,255,255,255,255,255,255,255,255,255,255,255,255,255,255,255,255,255,255,255,255,255,255,255,255,255,255,255,255,255,255,255,255,255,255,255,255,255,255,255,255,255,255,255,255,255,255,255,255,255,255,255,255,255,255,255,255,255,255,255,255,255,255,255,255,255,255,255,255,255,255,255,255,255,255,255,255,255,255,255,255,255,255,255,255,255,\r\n'
2022-05-12 21:55:07 b'SelectFatherEndDevice Start!\r\n'
2022-05-12 21:55:08 b'Calculate weight... Potential father ID is 1, weight is 137. neibornum:1, maxweightpos: 0 137\r\n'
2022-05-12 21:55:08 b'ReceivePriority start!\r\n'
2022-05-12 21:55:08 b'Send INSTRUCTION_NETWORKED_CONFIRM.\r\n'
2022-05-12 21:55:09 b'21 55 5 12 5 2022\r\n'
2022-05-12 21:55:12 b'Send INSTRUCTION_NETWORKED_CONFIRM.\r\n'
2022-05-12 21:55:13 b'21 55 10 12 5 2022\r\n'
2022-05-12 21:55:14 b'Signal received!\r\n'
2022-05-12 21:55:14 b'5,21,55,13,12,5,22,1,1,2,56,0,5,255,255,255,255,255,255,255,255,255,255,255,255,255,255,255,255,255,255,255,255,255,255,255,255,255,255,255,255,255,255,255,255,255,255,255,255,255,255,255,255,255,255,255,255,255,255,255,255,255,255,255,255,255,255,255,255,255,255,255,255,255,255,255,255,255,255,255,255,255,255,255,255,255,255,255,255,255,255,255,255,255,255,255,255,255,255,255,255,255,255,255,255,255,255,255,255,255,255,255,255,255,255,\r\n'
2022-05-12 21:55:15 b'LoraRandomSend start!\r\n'
2022-05-12 21:55:17 b'Now sleep:2s. \xfd'
2022-05-12 21:55:19 b'Lora networking...\r\n'
2022-05-12 21:55:20 b'AssignPriority start!\r\n'
2022-05-12 21:55:20 b'21 55 17 12 5 2022\r\n'
2022-05-12 21:55:21 b'OpenRadioDuration start!\r\n'
2022-05-12 21:55:24 b'21 55 22 12 5 2022\r\n'
2022-05-12 21:55:25 b'OpenRadioDuration start!\r\n'
2022-05-12 21:55:29 b'21 55 27 12 5 2022\r\n'
2022-05-12 21:55:30 b'OpenRadioDuration start!\r\n'
2022-05-12 21:55:34 b'Nomally transmitting... This device ID is 5. \r\n'
2022-05-12 21:55:35 b'Father device id is: 1. Son device num is: 0. Device rank is: 2. Rounds is 0. Priority is 2. Network will start at: 21 57 0 12 5 22 \r\n'
2022-05-12 21:55:36 b'Now sleep:68s. \xfd'
2022-05-12 21:56:43 b'21 56 40 12 5 2022\r\n'
2022-05-12 21:56:44 b'Now sleep:10s. \xfd'
2022-05-12 21:56:53 b'lora sending\r\n'
2022-05-12 21:56:53 b'3 21 56 50 12 5 22 5 2 2 56 1 1 5 5 5 5 5 5 5 5 5 255 255 255 255 255 255 255 255 255 255 255 255 255 255 255 255 255 255 255 255 255 255 255 255 255 255 255 255 255 255 255 255 255 255 255 255 255 255 255 255 255 255 255 255 255 255 255 255 255 255 255 255 255 255 255 255 255 255 255 255 255 255 255 255 255 255 255 255 255 255 255 255 255 255 255 255 255 255 255 255 255 255 255 255 255 255 255 255 255 255 255 255 255 \r\n'
2022-05-12 21:56:53 b'LoraTDMATransmit start! delay: 1000s.\r\n'
2022-05-12 21:56:55 b'OpenRadioDuration start!\r\n'
2022-05-12 21:56:56 b'Before Update: 21 56 53 12 5 2022\r\n'
2022-05-12 21:56:56 b'After Update: 21 56 54 12 5 2022\r\n'
2022-05-12 21:56:57 b'Signal received!\r\n'
2022-05-12 21:56:57 b'4,21,56,54,12,5,22,1,1,0,56,0,5,3,3,3,3,3,3,3,3,3,5,5,5,5,5,5,5,5,5,255,255,255,255,255,255,255,255,255,255,255,255,255,255,255,255,255,255,255,255,255,255,255,255,255,255,255,255,255,255,255,255,255,255,255,255,255,255,255,255,255,255,255,255,255,255,255,255,255,255,255,255,255,255,255,255,255,255,255,255,255,255,255,255,255,255,255,255,255,255,255,255,255,255,255,255,255,255,255,255,255,255,255,255,\r\n'
2022-05-12 21:56:58 b'Start running... This device ID is 5, priority is 2.\r\n'
2022-05-12 21:56:58 b'Nomally transmitting... This device ID is 5. \r\n'
2022-05-12 21:56:59 b'Father device id is: 1. Son device num is: 0. Device rank is: 2. Rounds is 1. Priority is 2. Network will start at: 21 59 0 12 5 22 \r\n'
2022-05-12 21:57:00 b'Now sleep:105s. \xfd'
2022-05-12 21:58:42 b'21 58 40 12 5 2022\r\n'
2022-05-12 21:58:43 b'Now sleep:10s. \xfd'
2022-05-12 21:58:52 b'lora sending\r\n'
2022-05-12 21:58:52 b'3 21 58 50 12 5 22 5 2 2 56 1 1 5 5 5 5 5 5 5 5 5 255 255 255 255 255 255 255 255 255 255 255 255 255 255 255 255 255 255 255 255 255 255 255 255 255 255 255 255 255 255 255 255 255 255 255 255 255 255 255 255 255 255 255 255 255 255 255 255 255 255 255 255 255 255 255 255 255 255 255 255 255 255 255 255 255 255 255 255 255 255 255 255 255 255 255 255 255 255 255 255 255 255 255 255 255 255 255 255 255 255 255 255 255 \r\n'
2022-05-12 21:58:53 b'LoraTDMATransmit start! delay: 1000s.\r\n'
2022-05-12 21:58:54 b'OpenRadioDuration start!\r\n'
2022-05-12 21:58:55 b'Before Update: 21 58 53 12 5 2022\r\n'
2022-05-12 21:58:55 b'After Update: 21 58 53 12 5 2022\r\n'
2022-05-12 21:58:56 b'Signal received!\r\n'
2022-05-12 21:58:57 b'4,21,58,53,12,5,22,1,1,0,56,0,5,3,3,3,3,3,3,3,3,3,5,5,5,5,5,5,5,5,5,255,255,255,255,255,255,255,255,255,255,255,255,255,255,255,255,255,255,255,255,255,255,255,255,255,255,255,255,255,255,255,255,255,255,255,255,255,255,255,255,255,255,255,255,255,255,255,255,255,255,255,255,255,255,255,255,255,255,255,255,255,255,255,255,255,255,255,255,255,255,255,255,255,255,255,255,255,255,255,255,255,255,255,255,\r\n'
2022-05-12 21:58:57 b'Start running... This device ID is 5, priority is 2.\r\n'
2022-05-12 21:58:58 b'Nomally transmitting... This device ID is 5. \r\n'
2022-05-12 21:58:58 b'Father device id is: 1. Son device num is: 0. Device rank is: 2. Rounds is 2. Priority is 2. Network will start at: 22 1 0 12 5 22 \r\n'
2022-05-12 21:58:59 b'Now sleep:106s. \xfd'
2022-05-12 22:00:42 b'22 0 40 12 5 2022\r\n'
2022-05-12 22:00:43 b'Now sleep:10s. \xfd'
2022-05-12 22:00:52 b'lora sending\r\n'
2022-05-12 22:00:52 b'3 22 0 50 12 5 22 5 2 2 56 1 1 5 5 5 5 5 5 5 5 5 255 255 255 255 255 255 255 255 255 255 255 255 255 255 255 255 255 255 255 255 255 255 255 255 255 255 255 255 255 255 255 255 255 255 255 255 255 255 255 255 255 255 255 255 255 255 255 255 255 255 255 255 255 255 255 255 255 255 255 255 255 255 255 255 255 255 255 255 255 255 255 255 255 255 255 255 255 255 255 255 255 255 255 255 255 255 255 255 255 255 255 255 255 \r\n'
2022-05-12 22:00:53 b'LoraTDMATransmit start! delay: 1000s.\r\n'
2022-05-12 22:00:55 b'OpenRadioDuration start!\r\n'
2022-05-12 22:00:55 b'Before Update: 22 0 53 12 5 2022\r\n'
2022-05-12 22:00:56 b'After Update: 22 0 54 12 5 2022\r\n'
2022-05-12 22:00:56 b'Signal received!\r\n'
2022-05-12 22:00:57 b'4,22,0,54,12,5,22,1,1,0,56,0,5,3,3,3,3,3,3,3,3,3,5,5,5,5,5,5,5,5,5,255,255,255,255,255,255,255,255,255,255,255,255,255,255,255,255,255,255,255,255,255,255,255,255,255,255,255,255,255,255,255,255,255,255,255,255,255,255,255,255,255,255,255,255,255,255,255,255,255,255,255,255,255,255,255,255,255,255,255,255,255,255,255,255,255,255,255,255,255,255,255,255,255,255,255,255,255,255,255,255,255,255,255,255,\r\n'
2022-05-12 22:00:57 b'Start running... This device ID is 5, priority is 2.\r\n'
2022-05-12 22:00:58 b'Nomally transmitting... This device ID is 5. \r\n'
2022-05-12 22:00:59 b'Father device id is: 1. Son device num is: 0. Device rank is: 2. Rounds is 3. Priority is 2. Network will start at: 22 3 0 12 5 22 \r\n'
2022-05-12 22:00:59 b'Now sleep:105s. \xfd'
2022-05-12 22:02:41 b'22 2 40 12 5 2022\r\n'
2022-05-12 22:02:42 b'Now sleep:10s. \xfd'
2022-05-12 22:02:51 b'lora sending\r\n'
2022-05-12 22:02:52 b'3 22 2 50 12 5 22 5 2 2 56 1 1 5 5 5 5 5 5 5 5 5 255 255 255 255 255 255 255 255 255 255 255 255 255 255 255 255 255 255 255 255 255 255 255 255 255 255 255 255 255 255 255 255 255 255 255 255 255 255 255 255 255 255 255 255 255 255 255 255 255 255 255 255 255 255 255 255 255 255 255 255 255 255 255 255 255 255 255 255 255 255 255 255 255 255 255 255 255 255 255 255 255 255 255 255 255 255 255 255 255 255 255 255 255 \r\n'
2022-05-12 22:02:52 b'LoraTDMATransmit start! delay: 1000s.\r\n'
2022-05-12 22:02:54 b'OpenRadioDuration start!\r\n'
2022-05-12 22:02:54 b'Before Update: 22 2 53 12 5 2022\r\n'
2022-05-12 22:02:55 b'After Update: 22 2 53 12 5 2022\r\n'
2022-05-12 22:02:55 b'Signal received!\r\n'
2022-05-12 22:02:56 b'4,22,2,53,12,5,22,1,1,0,56,0,5,3,3,3,3,3,3,3,3,3,5,5,5,5,5,5,5,5,5,255,255,255,255,255,255,255,255,255,255,255,255,255,255,255,255,255,255,255,255,255,255,255,255,255,255,255,255,255,255,255,255,255,255,255,255,255,255,255,255,255,255,255,255,255,255,255,255,255,255,255,255,255,255,255,255,255,255,255,255,255,255,255,255,255,255,255,255,255,255,255,255,255,255,255,255,255,255,255,255,255,255,255,255,\r\n'
2022-05-12 22:02:56 b'Start running... This device ID is 5, priority is 2.\r\n'
2022-05-12 22:02:57 b'Nomally transmitting... This device ID is 5. \r\n'
2022-05-12 22:02:58 b'Father device id is: 1. Son device num is: 0. Device rank is: 2. Rounds is 4. Priority is 2. Network will start at: 22 5 0 12 5 22 \r\n'
2022-05-12 22:02:58 b'Now sleep:106s. \xfd'
2022-05-12 22:04:41 b'22 4 40 12 5 2022\r\n'
2022-05-12 22:04:42 b'Now sleep:10s. \xfd'
2022-05-12 22:04:52 b'lora sending\r\n'
2022-05-12 22:04:52 b'3 22 4 50 12 5 22 5 2 2 56 1 1 5 5 5 5 5 5 5 5 5 255 255 255 255 255 255 255 255 255 255 255 255 255 255 255 255 255 255 255 255 255 255 255 255 255 255 255 255 255 255 255 255 255 255 255 255 255 255 255 255 255 255 255 255 255 255 255 255 255 255 255 255 255 255 255 255 255 255 255 255 255 255 255 255 255 255 255 255 255 255 255 255 255 255 255 255 255 255 255 255 255 255 255 255 255 255 255 255 255 255 255 255 255 \r\n'
2022-05-12 22:04:53 b'LoraTDMATransmit start! delay: 1000s.\r\n'
2022-05-12 22:04:54 b'OpenRadioDuration start!\r\n'
2022-05-12 22:04:55 b'Before Update: 22 4 53 12 5 2022\r\n'
2022-05-12 22:04:55 b'After Update: 22 4 53 12 5 2022\r\n'
2022-05-12 22:04:56 b'Signal received!\r\n'
2022-05-12 22:04:56 b'4,22,4,53,12,5,22,1,1,0,56,0,5,3,3,3,3,3,3,3,3,3,5,5,5,5,5,5,5,5,5,255,255,255,255,255,255,255,255,255,255,255,255,255,255,255,255,255,255,255,255,255,255,255,255,255,255,255,255,255,255,255,255,255,255,255,255,255,255,255,255,255,255,255,255,255,255,255,255,255,255,255,255,255,255,255,255,255,255,255,255,255,255,255,255,255,255,255,255,255,255,255,255,255,255,255,255,255,255,255,255,255,255,255,255,\r\n'
2022-05-12 22:04:57 b'Start running... This device ID is 5, priority is 2.\r\n'
2022-05-12 22:04:57 b'Nomally transmitting... This device ID is 5. \r\n'
2022-05-12 22:04:58 b'Father device id is: 1. Son device num is: 0. Device rank is: 2. Rounds is 5. Priority is 2. Network will start at: 22 7 0 12 5 22 \r\n'
2022-05-12 22:04:59 b'Now sleep:106s. \xfd'
2022-05-12 22:06:42 b'22 6 40 12 5 2022\r\n'
2022-05-12 22:06:43 b'Now sleep:10s. \xfd'
2022-05-12 22:06:52 b'lora sending\r\n'
2022-05-12 22:06:52 b'3 22 6 50 12 5 22 5 2 2 56 1 1 5 5 5 5 5 5 5 5 5 255 255 255 255 255 255 255 255 255 255 255 255 255 255 255 255 255 255 255 255 255 255 255 255 255 255 255 255 255 255 255 255 255 255 255 255 255 255 255 255 255 255 255 255 255 255 255 255 255 255 255 255 255 255 255 255 255 255 255 255 255 255 255 255 255 255 255 255 255 255 255 255 255 255 255 255 255 255 255 255 255 255 255 255 255 255 255 255 255 255 255 255 255 \r\n'
2022-05-12 22:06:53 b'LoraTDMATransmit start! delay: 1000s.\r\n'
2022-05-12 22:06:54 b'OpenRadioDuration start!\r\n'
2022-05-12 22:06:55 b'Before Update: 22 6 53 12 5 2022\r\n'
2022-05-12 22:06:55 b'After Update: 22 6 53 12 5 2022\r\n'
2022-05-12 22:06:56 b'Signal received!\r\n'
2022-05-12 22:06:56 b'4,22,6,53,12,5,22,1,1,0,56,0,5,3,3,3,3,3,3,3,3,3,5,5,5,5,5,5,5,5,5,255,255,255,255,255,255,255,255,255,255,255,255,255,255,255,255,255,255,255,255,255,255,255,255,255,255,255,255,255,255,255,255,255,255,255,255,255,255,255,255,255,255,255,255,255,255,255,255,255,255,255,255,255,255,255,255,255,255,255,255,255,255,255,255,255,255,255,255,255,255,255,255,255,255,255,255,255,255,255,255,255,255,255,255,\r\n'
2022-05-12 22:06:57 b'Start running... This device ID is 5, priority is 2.\r\n'
2022-05-12 22:06:57 b'Nomally transmitting... This device ID is 5. \r\n'
2022-05-12 22:06:58 b'Father device id is: 1. Son device num is: 0. Device rank is: 2. Rounds is 6. Priority is 2. Network will start at: 22 9 0 12 5 22 \r\n'
2022-05-12 22:06:59 b'Now sleep:106s. \xfd'
2022-05-12 22:08:42 b'22 8 40 12 5 2022\r\n'
2022-05-12 22:08:43 b'Now sleep:10s. \xfd'
2022-05-12 22:08:52 b'lora sending\r\n'
2022-05-12 22:08:53 b'3 22 8 50 12 5 22 5 2 2 56 1 1 5 5 5 5 5 5 5 5 5 255 255 255 255 255 255 255 255 255 255 255 255 255 255 255 255 255 255 255 255 255 255 255 255 255 255 255 255 255 255 255 255 255 255 255 255 255 255 255 255 255 255 255 255 255 255 255 255 255 255 255 255 255 255 255 255 255 255 255 255 255 255 255 255 255 255 255 255 255 255 255 255 255 255 255 255 255 255 255 255 255 255 255 255 255 255 255 255 255 255 255 255 255 \r\n'
2022-05-12 22:08:53 b'LoraTDMATransmit start! delay: 1000s.\r\n'
2022-05-12 22:08:55 b'OpenRadioDuration start!\r\n'
2022-05-12 22:08:56 b'Before Update: 22 8 53 12 5 2022\r\n'
2022-05-12 22:08:56 b'After Update: 22 8 54 12 5 2022\r\n'
2022-05-12 22:08:57 b'Signal received!\r\n'
2022-05-12 22:08:58 b'4,22,8,54,12,5,22,1,1,0,56,0,5,5,5,5,5,5,5,5,5,5,255,255,255,255,255,255,255,255,255,255,255,255,255,255,255,255,255,255,255,255,255,255,255,255,255,255,255,255,255,255,255,255,255,255,255,255,255,255,255,255,255,255,255,255,255,255,255,255,255,255,255,255,255,255,255,255,255,255,255,255,255,255,255,255,255,255,255,255,255,255,255,255,255,255,255,255,255,255,255,255,255,255,255,255,255,255,255,255,255,255,255,255,255,\r\n'
2022-05-12 22:08:58 b'Start running... This device ID is 5, priority is 2.\r\n'
2022-05-12 22:08:59 b'Nomally transmitting... This device ID is 5. \r\n'
2022-05-12 22:09:00 b'Father device id is: 1. Son device num is: 0. Device rank is: 2. Rounds is 7. Priority is 2. Network will start at: 22 11 0 12 5 22 \r\n'
2022-05-12 22:09:00 b'Now sleep:105s. \xfd'
2022-05-12 22:10:41 b'22 10 40 12 5 2022\r\n'
2022-05-12 22:10:42 b'Now sleep:10s. \xfd'
2022-05-12 22:10:51 b'lora sending\r\n'
2022-05-12 22:10:52 b'3 22 10 50 12 5 22 5 2 2 56 1 1 5 5 5 5 5 5 5 5 5 255 255 255 255 255 255 255 255 255 255 255 255 255 255 255 255 255 255 255 255 255 255 255 255 255 255 255 255 255 255 255 255 255 255 255 255 255 255 255 255 255 255 255 255 255 255 255 255 255 255 255 255 255 255 255 255 255 255 255 255 255 255 255 255 255 255 255 255 255 255 255 255 255 255 255 255 255 255 255 255 255 255 255 255 255 255 255 255 255 255 255 255 255 \r\n'
2022-05-12 22:10:52 b'LoraTDMATransmit start! delay: 1000s.\r\n'
2022-05-12 22:10:54 b'OpenRadioDuration start!\r\n'
2022-05-12 22:10:55 b'Before Update: 22 10 53 12 5 2022\r\n'
2022-05-12 22:10:55 b'After Update: 22 10 53 12 5 2022\r\n'
2022-05-12 22:10:56 b'Signal received!\r\n'
2022-05-12 22:10:56 b'4,22,10,53,12,5,22,1,1,0,56,0,5,3,3,3,3,3,3,3,3,3,3,3,3,3,3,3,3,3,3,5,5,5,5,5,5,5,5,5,255,255,255,255,255,255,255,255,255,255,255,255,255,255,255,255,255,255,255,255,255,255,255,255,255,255,255,255,255,255,255,255,255,255,255,255,255,255,255,255,255,255,255,255,255,255,255,255,255,255,255,255,255,255,255,255,255,255,255,255,255,255,255,255,255,255,255,255,255,255,255,255,255,255,255,\r\n'
2022-05-12 22:10:57 b'Network will start at: 22 13 0 12 5 22 \r\n'
2022-05-12 22:10:58 b'Wait for next cycle... Time left: 126\r\n'
2022-05-12 22:10:59 b'Now sleep:126s. \xfd'
2022-05-12 22:13:01 b'Start running... This device ID is 5, priority is 0.\r\n'
2022-05-12 22:13:02 b'22 13 0 12 5 2022\r\n'
2022-05-12 22:13:02 b'\r\n'
2022-05-12 22:13:02 b'LoRaWAN CN470 Class A start!\r\n'
2022-05-12 22:13:02 b'\r\n'
2022-05-12 22:13:24 b'LoRa Init Success!\r\n'
2022-05-12 22:13:25 b'Network will start at: 22 15 0 12 5 22 \r\n'
2022-05-12 22:13:26 b'Now sleep:98s. \xfd'
