2022-05-12 17:08:54 b'ASR is Waked,LowPower Mode Stopped\r\n'
2022-05-12 17:08:54 b'Time init success!\r\n'
2022-05-12 17:08:54 b'Now sleep:6s. \r\n'
2022-05-12 17:09:00 b'Start running... This device ID is 6, priority is 0.\r\n'
2022-05-12 17:09:00 b'17 9 0 12 5 2022\r\n'
2022-05-12 17:09:00 b'\r\n'
2022-05-12 17:09:00 b'LoRaWAN CN470 Class A start!\r\n'
2022-05-12 17:09:00 b'\r\n'
2022-05-12 17:09:04 b'Auto LowPower Mode\r\n'
2022-05-12 17:09:22 b'LoRa Init Success!\r\n'
2022-05-12 17:09:22 b'Network will start at: 17 11 0 12 5 22 \r\n'
2022-05-12 17:09:23 b'Now sleep:99s. \xfd'
2022-05-12 17:11:00 b'17 11 0 12 5 2022\r\n'
2022-05-12 17:11:01 b'Networking... This device ID is 6\r\n'
2022-05-12 17:11:01 b'OpenRadioDuration start!\r\n'
2022-05-12 17:11:02 b'Signal received!\r\n'
2022-05-12 17:11:03 b'1,17,11,1,12,5,22,1,1,0,56,0,0,255,255,255,255,255,255,255,255,255,255,255,255,255,255,255,255,255,255,255,255,255,255,255,255,255,255,255,255,255,255,255,255,255,255,255,255,255,255,255,255,255,255,255,255,255,255,255,255,255,255,255,255,255,255,255,255,255,255,255,255,255,255,255,255,255,255,255,255,255,255,255,255,255,255,255,255,255,255,255,255,255,255,255,255,255,255,255,255,255,255,255,255,255,255,255,255,255,255,255,255,255,255,\r\n'
2022-05-12 17:11:03 b'INSTRUCTION_NETWORKING signal receive success!\r\n'
2022-05-12 17:11:03 b'Signal received!\r\n'
2022-05-12 17:11:04 b'1,17,11,2,12,5,22,1,1,0,56,0,0,255,255,255,255,255,255,255,255,255,255,255,255,255,255,255,255,255,255,255,255,255,255,255,255,255,255,255,255,255,255,255,255,255,255,255,255,255,255,255,255,255,255,255,255,255,255,255,255,255,255,255,255,255,255,255,255,255,255,255,255,255,255,255,255,255,255,255,255,255,255,255,255,255,255,255,255,255,255,255,255,255,255,255,255,255,255,255,255,255,255,255,255,255,255,255,255,255,255,255,255,255,255,\r\n'
2022-05-12 17:11:04 b'Signal received!\r\n'
2022-05-12 17:11:05 b'1,17,11,3,12,5,22,1,1,0,56,0,0,255,255,255,255,255,255,255,255,255,255,255,255,255,255,255,255,255,255,255,255,255,255,255,255,255,255,255,255,255,255,255,255,255,255,255,255,255,255,255,255,255,255,255,255,255,255,255,255,255,255,255,255,255,255,255,255,255,255,255,255,255,255,255,255,255,255,255,255,255,255,255,255,255,255,255,255,255,255,255,255,255,255,255,255,255,255,255,255,255,255,255,255,255,255,255,255,255,255,255,255,255,255,\r\n'
2022-05-12 17:11:06 b'Signal received!\r\n'
2022-05-12 17:11:06 b'1,17,11,4,12,5,22,1,1,0,56,0,0,255,255,255,255,255,255,255,255,255,255,255,255,255,255,255,255,255,255,255,255,255,255,255,255,255,255,255,255,255,255,255,255,255,255,255,255,255,255,255,255,255,255,255,255,255,255,255,255,255,255,255,255,255,255,255,255,255,255,255,255,255,255,255,255,255,255,255,255,255,255,255,255,255,255,255,255,255,255,255,255,255,255,255,255,255,255,255,255,255,255,255,255,255,255,255,255,255,255,255,255,255,255,\r\n'
2022-05-12 17:11:06 b'SelectFatherEndDevice Start!\r\n'
2022-05-12 17:11:07 b'Calculate weight... Potential father ID is 1, weight is 136. neibornum:1, maxweightpos: 0 136\r\n'
2022-05-12 17:11:07 b'ReceivePriority start!\r\n'
2022-05-12 17:11:07 b'Send INSTRUCTION_NETWORKED_CONFIRM.\r\n'
2022-05-12 17:11:08 b'17 11 5 12 5 2022\r\n'
2022-05-12 17:11:11 b'Send INSTRUCTION_NETWORKED_CONFIRM.\r\n'
2022-05-12 17:11:11 b'17 11 10 12 5 2022\r\n'
2022-05-12 17:11:16 b'Send INSTRUCTION_NETWORKED_CONFIRM.\r\n'
2022-05-12 17:11:16 b'17 11 15 12 5 2022\r\n'
2022-05-12 17:11:21 b'LoraRandomSend start!\r\n'
2022-05-12 17:11:24 b'Now sleep:2s. \xfd'
2022-05-12 17:11:26 b'Lora networking...\r\n'
2022-05-12 17:11:26 b'AssignPriority start!\r\n'
2022-05-12 17:11:26 b'17 11 25 12 5 2022\r\n'
2022-05-12 17:11:27 b'OpenRadioDuration start!\r\n'
2022-05-12 17:11:31 b'17 11 30 12 5 2022\r\n'
2022-05-12 17:11:31 b'OpenRadioDuration start!\r\n'
2022-05-12 17:11:36 b'17 11 35 12 5 2022\r\n'
2022-05-12 17:11:36 b'OpenRadioDuration start!\r\n'
2022-05-12 17:11:41 b'Nomally transmitting... This device ID is 6. \r\n'
2022-05-12 17:11:41 b'Father device id is: 1. Son device num is: 0. Device rank is: 2. Rounds is 0. Priority is 0. Network will start at: 17 13 0 12 5 22 \r\n'
2022-05-12 17:11:42 b'Now sleep:60s. \xfd'
2022-05-12 17:12:41 b'17 12 40 12 5 2022\r\n'
2022-05-12 17:12:41 b'Now sleep:10s. \xfd'
2022-05-12 17:12:51 b'lora sending\r\n'
2022-05-12 17:12:52 b'3 17 12 51 12 5 22 6 2 0 56 1 1 6 6 6 6 6 6 6 6 6 255 255 255 255 255 255 255 255 255 255 255 255 255 255 255 255 255 255 255 255 255 255 255 255 255 255 255 255 255 255 255 255 255 255 255 255 255 255 255 255 255 255 255 255 255 255 255 255 255 255 255 255 255 255 255 255 255 255 255 255 255 255 255 255 255 255 255 255 255 255 255 255 255 255 255 255 255 255 255 255 255 255 255 255 255 255 255 255 255 255 255 255 255 \r\n'
