2022-05-21 21:27:04 b'ASR is Waked,LowPower Mode Stopped\r\n'
2022-05-21 21:27:11 b'Copyright @2019-2020 Heltec Automation.All rights reserved.\r\n'
2022-05-21 21:27:16 b'ASR is Waked,LowPower Mode Stopped\r\n'
2022-05-21 21:27:16 b'Time init success!\r\n'
2022-05-21 21:27:16 b'Now sleep:2s. \r\n'
2022-05-21 21:27:18 b'Start running... This device ID is 4, priority is 0.\r\n'
2022-05-21 21:27:18 b'21 27 18 21 5 2022\r\n'
2022-05-21 21:27:18 b'\r\n'
2022-05-21 21:27:18 b'LoRaWAN CN470 Class A start!\r\n'
2022-05-21 21:27:18 b'\r\n'
2022-05-21 21:27:26 b'Auto LowPower Mode\r\n'
2022-05-21 21:28:00 b'LoRa Init Success!\r\n'
2022-05-21 21:28:00 b'Network will start at: 21 29 18 21 5 22 \r\n'
2022-05-21 21:28:01 b'Now sleep:79s. \xfd'
2022-05-21 21:29:19 b'21 29 18 21 5 2022\r\n'
2022-05-21 21:29:19 b'Networking... This device ID is 4\r\n'
2022-05-21 21:29:19 b'OpenRadioDuration start!\r\n'
2022-05-21 21:29:20 b'Signal received!\r\n'
2022-05-21 21:29:21 b'1,21,29,19,21,5,22,1,1,0,58,0,0,255,255,255,255,255,255,255,255,255,255,255,255,255,255,255,255,255,255,255,255,255,255,255,255,255,255,255,255,255,255,255,255,255,255,255,255,255,255,255,255,255,255,255,255,255,255,255,255,255,255,255,255,255,255,255,255,255,255,255,255,255,255,255,255,255,255,255,255,255,255,255,255,255,255,255,255,255,255,255,255,255,255,255,255,255,255,255,255,255,255,255,255,255,255,255,255,255,255,255,255,255,255,\r\n'
2022-05-21 21:29:21 b'INSTRUCTION_NETWORKING signal receive success!\r\n'
2022-05-21 21:29:22 b'Signal received!\r\n'
2022-05-21 21:29:22 b'1,21,29,20,21,5,22,3,1,0,74,0,0,255,255,255,255,255,255,255,255,255,255,255,255,255,255,255,255,255,255,255,255,255,255,255,255,255,255,255,255,255,255,255,255,255,255,255,255,255,255,255,255,255,255,255,255,255,255,255,255,255,255,255,255,255,255,255,255,255,255,255,255,255,255,255,255,255,255,255,255,255,255,255,255,255,255,255,255,255,255,255,255,255,255,255,255,255,255,255,255,255,255,255,255,255,255,255,255,255,255,255,255,255,255,\r\n'
2022-05-21 21:29:23 b'INSTRUCTION_NETWORKING signal receive success!\r\n'
2022-05-21 21:29:23 b'Signal received!\r\n'
2022-05-21 21:29:24 b'1,21,29,21,21,5,22,1,1,0,58,0,0,255,255,255,255,255,255,255,255,255,255,255,255,255,255,255,255,255,255,255,255,255,255,255,255,255,255,255,255,255,255,255,255,255,255,255,255,255,255,255,255,255,255,255,255,255,255,255,255,255,255,255,255,255,255,255,255,255,255,255,255,255,255,255,255,255,255,255,255,255,255,255,255,255,255,255,255,255,255,255,255,255,255,255,255,255,255,255,255,255,255,255,255,255,255,255,255,255,255,255,255,255,255,\r\n'
2022-05-21 21:29:24 b'Signal received!\r\n'
2022-05-21 21:29:24 b'1,21,29,21,21,5,22,3,1,0,74,0,0,255,255,255,255,255,255,255,255,255,255,255,255,255,255,255,255,255,255,255,255,255,255,255,255,255,255,255,255,255,255,255,255,255,255,255,255,255,255,255,255,255,255,255,255,255,255,255,255,255,255,255,255,255,255,255,255,255,255,255,255,255,255,255,255,255,255,255,255,255,255,255,255,255,255,255,255,255,255,255,255,255,255,255,255,255,255,255,255,255,255,255,255,255,255,255,255,255,255,255,255,255,255,\r\n'
2022-05-21 21:29:24 b'SelectFatherEndDevice Start!\r\n'
2022-05-21 21:29:25 b'Calculate weight... Potential father ID is 1, weight is 92. Calculate weight... Potential father ID is 3, weight is 103. neibornum:2, maxweightpos: 1 103\r\n'
2022-05-21 21:29:25 b'ReceivePriority start!\r\n'
2022-05-21 21:29:25 b'Send INSTRUCTION_NETWORKED_CONFIRM.\r\n'
2022-05-21 21:29:26 b'21 29 24 21 5 2022\r\n'
2022-05-21 21:29:26 b'Signal received!\r\n'
2022-05-21 21:29:27 b'5,21,29,25,21,5,22,3,1,1,69,0,4,255,255,255,255,255,255,255,255,255,255,255,255,255,255,255,255,255,255,255,255,255,255,255,255,255,255,255,255,255,255,255,255,255,255,255,255,255,255,255,255,255,255,255,255,255,255,255,255,255,255,255,255,255,255,255,255,255,255,255,255,255,255,255,255,255,255,255,255,255,255,255,255,255,255,255,255,255,255,255,255,255,255,255,255,255,255,255,255,255,255,255,255,255,255,255,255,255,255,255,255,255,255,\r\n'
2022-05-21 21:29:29 b'ReceivePriority end!\r\n'
2022-05-21 21:29:30 b'Now sleep:15s. \xfd'
2022-05-21 21:29:45 b'LoraRandomSend start!\r\n'
2022-05-21 21:29:48 b'Now sleep:2s. \xfd'
2022-05-21 21:29:49 b'Lora networking...\r\n'
2022-05-21 21:29:50 b'AssignPriority start!\r\n'
2022-05-21 21:29:50 b'21 29 49 21 5 2022\r\n'
2022-05-21 21:29:50 b'OpenRadioDuration start!\r\n'
2022-05-21 21:29:54 b'21 29 54 21 5 2022\r\n'
2022-05-21 21:29:55 b'OpenRadioDuration start!\r\n'
2022-05-21 21:29:59 b'21 29 59 21 5 2022\r\n'
2022-05-21 21:30:00 b'OpenRadioDuration start!\r\n'
2022-05-21 21:30:05 b'Nomally transmitting... This device ID is 4. \r\n'
2022-05-21 21:30:05 b'Father device id is: 3. Son device num is: 0. Device rank is: 2. Rounds is 0. Priority is 1. Network will start at: 21 31 18 21 5 22 \r\n'
2022-05-21 21:30:06 b'Now sleep:34s. \xfd'
2022-05-21 21:30:39 b'21 30 38 21 5 2022\r\n'
2022-05-21 21:30:39 b'Now sleep:20s. \xfd'
2022-05-21 21:30:59 b'lora sending\r\n'
2022-05-21 21:30:59 b'3 21 30 58 21 5 22 4 2 1 57 3 3 4 0 3 3 4 5 6 0 0 255 255 255 255 255 255 255 255 255 255 255 255 255 255 255 255 255 255 255 255 255 255 255 255 255 255 255 255 255 255 255 255 255 255 255 255 255 255 255 255 255 255 255 255 255 255 255 255 255 255 255 255 255 255 255 255 255 255 255 255 255 255 255 255 255 255 255 255 255 255 255 255 255 255 255 255 255 255 255 255 255 255 255 255 255 255 255 255 255 255 255 255 255 \r\n'
2022-05-21 21:30:59 b'LoraTDMATransmit start!\r\n'
2022-05-21 21:30:59 b'OpenRadioDuration start!\r\n'
2022-05-21 21:31:00 b'Before Update: 21 30 59 21 5 2022\r\n'
2022-05-21 21:31:00 b'After Update: 21 30 59 21 5 2022\r\n'
2022-05-21 21:31:00 b'Signal received!\r\n'
2022-05-21 21:31:01 b'4,21,30,59,21,5,22,3,1,0,69,0,4,4,0,3,3,4,5,6,254,12,0,0,255,255,255,255,255,254,12,255,255,255,255,255,255,255,255,255,255,255,255,255,255,255,255,255,255,255,255,255,255,255,255,255,255,255,255,255,255,255,255,255,255,255,255,255,255,255,255,255,255,255,255,255,255,255,255,255,255,255,255,255,255,255,255,255,255,255,255,255,255,255,255,255,255,255,255,255,255,255,255,255,255,255,255,255,255,255,255,255,255,255,255,\r\n'
2022-05-21 21:31:01 b'Start running... This device ID is 4, priority is 1.\r\n'
2022-05-21 21:31:02 b'Nomally transmitting... This device ID is 4. \r\n'
2022-05-21 21:31:02 b'Father device id is: 3. Son device num is: 0. Device rank is: 2. Rounds is 1. Priority is 1. Network will start at: 21 33 18 21 5 22 \r\n'
2022-05-21 21:31:03 b'Now sleep:98s. \xfd'
2022-05-21 21:32:39 b'21 32 38 21 5 2022\r\n'
2022-05-21 21:32:40 b'Now sleep:20s. \xfd'
2022-05-21 21:32:59 b'lora sending\r\n'
2022-05-21 21:32:59 b'3 21 32 58 21 5 22 4 2 1 57 3 3 4 1 3 3 4 5 6 0 0 255 255 255 255 255 255 255 255 255 255 255 255 255 255 255 255 255 255 255 255 255 255 255 255 255 255 255 255 255 255 255 255 255 255 255 255 255 255 255 255 255 255 255 255 255 255 255 255 255 255 255 255 255 255 255 255 255 255 255 255 255 255 255 255 255 255 255 255 255 255 255 255 255 255 255 255 255 255 255 255 255 255 255 255 255 255 255 255 255 255 255 255 255 \r\n'
2022-05-21 21:33:00 b'LoraTDMATransmit start!\r\n'
2022-05-21 21:33:00 b'OpenRadioDuration start!\r\n'
2022-05-21 21:33:00 b'Before Update: 21 32 59 21 5 2022\r\n'
2022-05-21 21:33:01 b'After Update: 21 32 59 21 5 2022\r\n'
2022-05-21 21:33:01 b'Signal received!\r\n'
2022-05-21 21:33:02 b'4,21,32,59,21,5,22,3,1,0,69,0,4,4,0,3,3,4,5,6,254,12,0,0,255,255,255,255,255,254,12,3,0,0,3,4,5,6,0,0,4,1,3,3,4,5,6,0,13,0,0,255,255,255,255,255,0,13,255,255,255,255,255,255,255,255,255,255,255,255,255,255,255,255,255,255,255,255,255,255,255,255,255,255,255,255,255,255,255,255,255,255,255,255,255,255,255,255,255,255,255,255,255,255,255,255,255,255,255,255,255,255,255,255,255,\r\n'
2022-05-21 21:33:02 b'Start running... This device ID is 4, priority is 1.\r\n'
2022-05-21 21:33:02 b'Nomally transmitting... This device ID is 4. \r\n'
2022-05-21 21:33:03 b'Father device id is: 3. Son device num is: 0. Device rank is: 2. Rounds is 2. Priority is 1. Network will start at: 21 35 18 21 5 22 \r\n'
2022-05-21 21:33:03 b'Now sleep:98s. \xfd'
2022-05-21 21:33:04 b'Copyright @2019-2020 Heltec Automation.All rights reserved.\r\n'
