2022-05-21 21:33:09 b'ASR is Waked,LowPower Mode Stopped\r\n'
2022-05-21 21:33:09 b'Time init success!\r\n'
2022-05-21 21:33:09 b'Now sleep:3s. \r\n'
2022-05-21 21:33:12 b'Start running... This device ID is 4, priority is 0.\r\n'
2022-05-21 21:33:12 b'21 33 11 21 5 2022\r\n'
2022-05-21 21:33:12 b'\r\n'
2022-05-21 21:33:12 b'LoRaWAN CN470 Class A start!\r\n'
2022-05-21 21:33:12 b'\r\n'
2022-05-21 21:33:19 b'Auto LowPower Mode\r\n'
2022-05-21 21:33:59 b'LoRa Init Success!\r\n'
2022-05-21 21:33:59 b'Network will start at: 21 35 11 21 5 22 \r\n'
2022-05-21 21:34:00 b'Now sleep:74s. \xfd'
2022-05-21 21:35:12 b'21 35 11 21 5 2022\r\n'
2022-05-21 21:35:13 b'Networking... This device ID is 4\r\n'
2022-05-21 21:35:13 b'OpenRadioDuration start!\r\n'
2022-05-21 21:35:13 b'Signal received!\r\n'
2022-05-21 21:35:14 b'1,21,35,12,21,5,22,3,1,0,74,0,0,255,255,255,255,255,255,255,255,255,255,255,255,255,255,255,255,255,255,255,255,255,255,255,255,255,255,255,255,255,255,255,255,255,255,255,255,255,255,255,255,255,255,255,255,255,255,255,255,255,255,255,255,255,255,255,255,255,255,255,255,255,255,255,255,255,255,255,255,255,255,255,255,255,255,255,255,255,255,255,255,255,255,255,255,255,255,255,255,255,255,255,255,255,255,255,255,255,255,255,255,255,255,\r\n'
2022-05-21 21:35:14 b'INSTRUCTION_NETWORKING signal receive success!\r\n'
2022-05-21 21:35:14 b'Signal received!\r\n'
2022-05-21 21:35:15 b'1,21,35,13,21,5,22,1,1,0,58,0,0,255,255,255,255,255,255,255,255,255,255,255,255,255,255,255,255,255,255,255,255,255,255,255,255,255,255,255,255,255,255,255,255,255,255,255,255,255,255,255,255,255,255,255,255,255,255,255,255,255,255,255,255,255,255,255,255,255,255,255,255,255,255,255,255,255,255,255,255,255,255,255,255,255,255,255,255,255,255,255,255,255,255,255,255,255,255,255,255,255,255,255,255,255,255,255,255,255,255,255,255,255,255,\r\n'
2022-05-21 21:35:15 b'INSTRUCTION_NETWORKING signal receive success!\r\n'
2022-05-21 21:35:16 b'Signal received!\r\n'
2022-05-21 21:35:16 b'1,21,35,14,21,5,22,3,1,0,74,0,0,255,255,255,255,255,255,255,255,255,255,255,255,255,255,255,255,255,255,255,255,255,255,255,255,255,255,255,255,255,255,255,255,255,255,255,255,255,255,255,255,255,255,255,255,255,255,255,255,255,255,255,255,255,255,255,255,255,255,255,255,255,255,255,255,255,255,255,255,255,255,255,255,255,255,255,255,255,255,255,255,255,255,255,255,255,255,255,255,255,255,255,255,255,255,255,255,255,255,255,255,255,255,\r\n'
2022-05-21 21:35:17 b'Signal received!\r\n'
2022-05-21 21:35:17 b'1,21,35,14,21,5,22,1,1,0,58,0,0,255,255,255,255,255,255,255,255,255,255,255,255,255,255,255,255,255,255,255,255,255,255,255,255,255,255,255,255,255,255,255,255,255,255,255,255,255,255,255,255,255,255,255,255,255,255,255,255,255,255,255,255,255,255,255,255,255,255,255,255,255,255,255,255,255,255,255,255,255,255,255,255,255,255,255,255,255,255,255,255,255,255,255,255,255,255,255,255,255,255,255,255,255,255,255,255,255,255,255,255,255,255,\r\n'
2022-05-21 21:35:18 b'SelectFatherEndDevice Start!\r\n'
2022-05-21 21:35:18 b'Calculate weight... Potential father ID is 3, weight is 103. Calculate weight... Potential father ID is 1, weight is 138. neibornum:2, maxweightpos: 1 138\r\n'
2022-05-21 21:35:18 b'ReceivePriority start!\r\n'
2022-05-21 21:35:18 b'Send INSTRUCTION_NETWORKED_CONFIRM.\r\n'
2022-05-21 21:35:19 b'21 35 17 21 5 2022\r\n'
2022-05-21 21:35:21 b'Signal received!\r\n'
2022-05-21 21:35:21 b'5,21,35,19,21,5,22,1,1,1,57,0,4,255,255,255,255,255,255,255,255,255,255,255,255,255,255,255,255,255,255,255,255,255,255,255,255,255,255,255,255,255,255,255,255,255,255,255,255,255,255,255,255,255,255,255,255,255,255,255,255,255,255,255,255,255,255,255,255,255,255,255,255,255,255,255,255,255,255,255,255,255,255,255,255,255,255,255,255,255,255,255,255,255,255,255,255,255,255,255,255,255,255,255,255,255,255,255,255,255,255,255,255,255,255,\r\n'
2022-05-21 21:35:23 b'ReceivePriority end!\r\n'
2022-05-21 21:35:23 b'Now sleep:15s. \xfd'
2022-05-21 21:35:38 b'LoraRandomSend start!\r\n'
2022-05-21 21:35:42 b'Now sleep:0s. \xfd'
2022-05-21 21:35:43 b'Lora networking...\r\n'
2022-05-21 21:35:43 b'AssignPriority start!\r\n'
2022-05-21 21:35:44 b'21 35 42 21 5 2022\r\n'
2022-05-21 21:35:44 b'OpenRadioDuration start!\r\n'
2022-05-21 21:35:48 b'21 35 47 21 5 2022\r\n'
2022-05-21 21:35:48 b'OpenRadioDuration start!\r\n'
2022-05-21 21:35:53 b'21 35 52 21 5 2022\r\n'
2022-05-21 21:35:54 b'OpenRadioDuration start!\r\n'
2022-05-21 21:35:58 b'Nomally transmitting... This device ID is 4. \r\n'
2022-05-21 21:35:59 b'Father device id is: 1. Son device num is: 0. Device rank is: 2. Rounds is 0. Priority is 1. Network will start at: 21 37 11 21 5 22 \r\n'
2022-05-21 21:35:59 b'Now sleep:34s. \xfd'
