2022-05-30 17:34:41 b'ASR is Waked,LowPower Mode Stopped\r\n'
2022-05-30 17:34:41 b'Time init success!\r\n'
2022-05-30 17:34:41 b'Now sleep:140s. \r\n'
2022-05-30 17:34:51 b'Auto LowPower Mode\r\n'
2022-05-30 17:37:01 b'Start running... This device ID is 1, priority is 0.\r\n'
2022-05-30 17:37:01 b'17 37 0 30 5 2022\r\n'
2022-05-30 17:37:01 b'\r\n'
2022-05-30 17:37:01 b'LoRaWAN CN470 Class A start!\r\n'
2022-05-30 17:37:01 b'\r\n'
2022-05-30 17:37:02 b'\r\n'
2022-05-30 17:37:03 b'lorawan receive packet with rssi -21 , snr 12\r\n'
2022-05-30 17:37:04 b'\r\n'
2022-05-30 17:37:05 b'lorawan receive packet with rssi -21 , snr 12\r\n'
2022-05-30 17:37:06 b'\r\n'
2022-05-30 17:37:06 b'lorawan receive packet with rssi -21 , snr 12\r\n'
2022-05-30 17:37:07 b'\r\n'
2022-05-30 17:37:07 b'lorawan receive packet with rssi -21 , snr 11\r\n'
2022-05-30 17:37:10 b'\r\n'
2022-05-30 17:37:11 b'lorawan receive packet with rssi -20 , snr 13\r\n'
2022-05-30 17:37:12 b'\r\n'
2022-05-30 17:37:12 b'lorawan receive packet with rssi -22 , snr 11\r\n'
2022-05-30 17:37:14 b'\r\n'
2022-05-30 17:37:14 b'lorawan receive packet with rssi -21 , snr 10\r\n'
2022-05-30 17:37:21 b'LoRaWAN Init Success!\r\n'
2022-05-30 17:37:21 b'Network will start at: 17 39 0 30 5 22 \r\n'
2022-05-30 17:37:22 b'Now sleep:100s. \xfd'
2022-05-30 17:39:01 b'17 39 0 30 5 2022\r\n'
2022-05-30 17:39:01 b'Networking... This device ID is 1\r\n'
2022-05-30 17:39:01 b'Lorawan mode, sending networking signal.\r\n'
2022-05-30 17:39:02 b'LoraRandomSend start!\r\n'
2022-05-30 17:39:04 b'Now sleep:2s. \xfd'
2022-05-30 17:39:06 b'AssignPriority start!\r\n'
2022-05-30 17:39:06 b'17 39 5 30 5 2022\r\n'
2022-05-30 17:39:07 b'OpenRadioDuration start!\r\n'
2022-05-30 17:39:08 b'Signal received!\r\n'
2022-05-30 17:39:09 b'2,17,39,7,30,5,22,4,2,0,61,2,2,255,255,255,255,255,255,255,255,255,255,255,255,255,255,255,255,255,255,255,255,255,255,255,255,255,255,255,255,255,255,255,255,255,255,255,255,255,255,255,255,255,255,255,255,255,255,255,255,255,255,255,255,255,255,255,255,255,255,255,255,255,255,255,255,255,255,255,255,255,255,255,255,255,255,255,255,255,255,255,255,255,255,255,255,255,255,255,255,255,255,255,255,255,255,255,255,255,255,255,255,255,255,\r\n'
2022-05-30 17:39:09 b'Signal received!\r\n'
2022-05-30 17:39:10 b'5,17,39,8,30,5,22,2,1,1,67,0,4,255,255,255,255,255,255,255,255,255,255,255,255,255,255,255,255,255,255,255,255,255,255,255,255,255,255,255,255,255,255,255,255,255,255,255,255,255,255,255,255,255,255,255,255,255,255,255,255,255,255,255,255,255,255,255,255,255,255,255,255,255,255,255,255,255,255,255,255,255,255,255,255,255,255,255,255,255,255,255,255,255,255,255,255,255,255,255,255,255,255,255,255,255,255,255,255,255,255,255,255,255,255,\r\n'
2022-05-30 17:39:10 b'Signal received!\r\n'
2022-05-30 17:39:11 b'2,17,39,9,30,5,22,5,2,0,57,2,2,255,255,255,255,255,255,255,255,255,255,255,255,255,255,255,255,255,255,255,255,255,255,255,255,255,255,255,255,255,255,255,255,255,255,255,255,255,255,255,255,255,255,255,255,255,255,255,255,255,255,255,255,255,255,255,255,255,255,255,255,255,255,255,255,255,255,255,255,255,255,255,255,255,255,255,255,255,255,255,255,255,255,255,255,255,255,255,255,255,255,255,255,255,255,255,255,255,255,255,255,255,255,\r\n'
2022-05-30 17:39:11 b'Signal received!\r\n'
2022-05-30 17:39:12 b'2,17,39,9,30,5,22,3,2,0,62,2,2,255,255,255,255,255,255,255,255,255,255,255,255,255,255,255,255,255,255,255,255,255,255,255,255,255,255,255,255,255,255,255,255,255,255,255,255,255,255,255,255,255,255,255,255,255,255,255,255,255,255,255,255,255,255,255,255,255,255,255,255,255,255,255,255,255,255,255,255,255,255,255,255,255,255,255,255,255,255,255,255,255,255,255,255,255,255,255,255,255,255,255,255,255,255,255,255,255,255,255,255,255,255,\r\n'
2022-05-30 17:39:12 b'17 39 10 30 5 2022\r\n'
2022-05-30 17:39:12 b'OpenRadioDuration start!\r\n'
2022-05-30 17:39:13 b'Signal received!\r\n'
2022-05-30 17:39:13 b'2,17,39,10,30,5,22,3,2,0,62,2,2,255,255,255,255,255,255,255,255,255,255,255,255,255,255,255,255,255,255,255,255,255,255,255,255,255,255,255,255,255,255,255,255,255,255,255,255,255,255,255,255,255,255,255,255,255,255,255,255,255,255,255,255,255,255,255,255,255,255,255,255,255,255,255,255,255,255,255,255,255,255,255,255,255,255,255,255,255,255,255,255,255,255,255,255,255,255,255,255,255,255,255,255,255,255,255,255,255,255,255,255,255,255,\r\n'
2022-05-30 17:39:14 b'Signal received!\r\n'
2022-05-30 17:39:14 b'5,17,39,11,30,5,22,2,1,2,67,0,3,255,255,255,255,255,255,255,255,255,255,255,255,255,255,255,255,255,255,255,255,255,255,255,255,255,255,255,255,255,255,255,255,255,255,255,255,255,255,255,255,255,255,255,255,255,255,255,255,255,255,255,255,255,255,255,255,255,255,255,255,255,255,255,255,255,255,255,255,255,255,255,255,255,255,255,255,255,255,255,255,255,255,255,255,255,255,255,255,255,255,255,255,255,255,255,255,255,255,255,255,255,255,\r\n'
2022-05-30 17:39:15 b'Signal received!\r\n'
2022-05-30 17:39:15 b'2,17,39,12,30,5,22,6,2,0,60,2,2,255,255,255,255,255,255,255,255,255,255,255,255,255,255,255,255,255,255,255,255,255,255,255,255,255,255,255,255,255,255,255,255,255,255,255,255,255,255,255,255,255,255,255,255,255,255,255,255,255,255,255,255,255,255,255,255,255,255,255,255,255,255,255,255,255,255,255,255,255,255,255,255,255,255,255,255,255,255,255,255,255,255,255,255,255,255,255,255,255,255,255,255,255,255,255,255,255,255,255,255,255,255,\r\n'
2022-05-30 17:39:16 b'Signal received!\r\n'
2022-05-30 17:39:16 b'2,17,39,13,30,5,22,5,2,0,55,2,2,255,255,255,255,255,255,255,255,255,255,255,255,255,255,255,255,255,255,255,255,255,255,255,255,255,255,255,255,255,255,255,255,255,255,255,255,255,255,255,255,255,255,255,255,255,255,255,255,255,255,255,255,255,255,255,255,255,255,255,255,255,255,255,255,255,255,255,255,255,255,255,255,255,255,255,255,255,255,255,255,255,255,255,255,255,255,255,255,255,255,255,255,255,255,255,255,255,255,255,255,255,255,\r\n'
2022-05-30 17:39:17 b'17 39 15 30 5 2022\r\n'
2022-05-30 17:39:17 b'OpenRadioDuration start!\r\n'
2022-05-30 17:39:19 b'Signal received!\r\n'
2022-05-30 17:39:19 b'2,17,39,18,30,5,22,5,2,0,55,2,2,255,255,255,255,255,255,255,255,255,255,255,255,255,255,255,255,255,255,255,255,255,255,255,255,255,255,255,255,255,255,255,255,255,255,255,255,255,255,255,255,255,255,255,255,255,255,255,255,255,255,255,255,255,255,255,255,255,255,255,255,255,255,255,255,255,255,255,255,255,255,255,255,255,255,255,255,255,255,255,255,255,255,255,255,255,255,255,255,255,255,255,255,255,255,255,255,255,255,255,255,255,255,\r\n'
2022-05-30 17:39:20 b'Signal received!\r\n'
2022-05-30 17:39:20 b'5,17,39,18,30,5,22,2,1,3,67,0,5,255,255,255,255,255,255,255,255,255,255,255,255,255,255,255,255,255,255,255,255,255,255,255,255,255,255,255,255,255,255,255,255,255,255,255,255,255,255,255,255,255,255,255,255,255,255,255,255,255,255,255,255,255,255,255,255,255,255,255,255,255,255,255,255,255,255,255,255,255,255,255,255,255,255,255,255,255,255,255,255,255,255,255,255,255,255,255,255,255,255,255,255,255,255,255,255,255,255,255,255,255,255,\r\n'
2022-05-30 17:39:21 b'Signal received!\r\n'
2022-05-30 17:39:21 b'2,17,39,20,30,5,22,6,2,0,60,2,2,255,255,255,255,255,255,255,255,255,255,255,255,255,255,255,255,255,255,255,255,255,255,255,255,255,255,255,255,255,255,255,255,255,255,255,255,255,255,255,255,255,255,255,255,255,255,255,255,255,255,255,255,255,255,255,255,255,255,255,255,255,255,255,255,255,255,255,255,255,255,255,255,255,255,255,255,255,255,255,255,255,255,255,255,255,255,255,255,255,255,255,255,255,255,255,255,255,255,255,255,255,255,\r\n'
2022-05-30 17:39:22 b'Lorawan networking success.\r\n'
2022-05-30 17:39:22 b'Nomally transmitting... This device ID is 1. \r\n'
2022-05-30 17:39:23 b'Father device id is: 0. Son device num is: 0. Device rank is: 1. Rounds is 0. Priority is 0. Network will start at: 17 41 0 30 5 22 \r\n'
2022-05-30 17:39:23 b'Now sleep:80s. \xfd'
2022-05-30 17:40:42 b'17 40 40 30 5 2022\r\n'
2022-05-30 17:40:42 b'OpenRadioDuration start!\r\n'
2022-05-30 17:40:42 b'Signal received!\r\n'
2022-05-30 17:40:42 b'3,17,40,41,30,5,22,4,2,1,60,2,2,4,0,2,0,0,5,6,7,8,255,255,255,255,255,255,255,255,255,255,255,255,255,255,255,255,255,255,255,255,255,255,255,255,255,255,255,255,255,255,255,255,255,255,255,255,255,255,255,255,255,255,255,255,255,255,255,255,255,255,255,255,255,255,255,255,255,255,255,255,255,255,255,255,255,255,255,255,255,255,255,255,255,255,255,255,255,255,255,255,255,255,255,255,255,255,255,255,255,255,255,255,255,\r\n'
2022-05-30 17:40:43 b'Signal received!\r\n'
2022-05-30 17:40:43 b'4,17,40,42,30,5,22,2,1,0,67,0,4,4,0,2,146,163,5,6,7,8,255,255,255,255,255,255,255,255,255,255,255,255,255,255,255,255,255,255,255,255,255,255,255,255,255,255,255,255,255,255,255,255,255,255,255,255,255,255,255,255,255,255,255,255,255,255,255,255,255,255,255,255,255,255,255,255,255,255,255,255,255,255,255,255,255,255,255,255,255,255,255,255,255,255,255,255,255,255,255,255,255,255,255,255,255,255,255,255,255,255,255,255,255,\r\n'
2022-05-30 17:40:44 b'Signal received!\r\n'
2022-05-30 17:40:45 b'3,17,40,43,30,5,22,3,2,2,62,2,2,3,0,2,0,0,5,6,7,8,255,255,255,255,255,255,255,255,255,255,255,255,255,255,255,255,255,255,255,255,255,255,255,255,255,255,255,255,255,255,255,255,255,255,255,255,255,255,255,255,255,255,255,255,255,255,255,255,255,255,255,255,255,255,255,255,255,255,255,255,255,255,255,255,255,255,255,255,255,255,255,255,255,255,255,255,255,255,255,255,255,255,255,255,255,255,255,255,255,255,255,255,255,\r\n'
2022-05-30 17:40:45 b'Signal received!\r\n'
2022-05-30 17:40:45 b'4,17,40,44,30,5,22,2,1,0,67,0,3,4,0,2,146,163,5,6,7,8,3,0,2,133,163,5,6,7,8,255,255,255,255,255,255,255,255,255,255,255,255,255,255,255,255,255,255,255,255,255,255,255,255,255,255,255,255,255,255,255,255,255,255,255,255,255,255,255,255,255,255,255,255,255,255,255,255,255,255,255,255,255,255,255,255,255,255,255,255,255,255,255,255,255,255,255,255,255,255,255,255,255,255,255,255,255,255,255,255,255,255,255,255,\r\n'
2022-05-30 17:40:46 b'Signal received!\r\n'
2022-05-30 17:40:46 b'3,17,40,45,30,5,22,5,2,3,64,2,2,5,0,2,0,0,5,6,7,8,255,255,255,255,255,255,255,255,255,255,255,255,255,255,255,255,255,255,255,255,255,255,255,255,255,255,255,255,255,255,255,255,255,255,255,255,255,255,255,255,255,255,255,255,255,255,255,255,255,255,255,255,255,255,255,255,255,255,255,255,255,255,255,255,255,255,255,255,255,255,255,255,255,255,255,255,255,255,255,255,255,255,255,255,255,255,255,255,255,255,255,255,255,\r\n'
2022-05-30 17:40:46 b'Signal received!\r\n'
2022-05-30 17:40:47 b'4,17,40,45,30,5,22,2,1,0,67,0,5,4,0,2,146,163,5,6,7,8,3,0,2,133,163,5,6,7,8,5,0,2,146,163,5,6,7,8,255,255,255,255,255,255,255,255,255,255,255,255,255,255,255,255,255,255,255,255,255,255,255,255,255,255,255,255,255,255,255,255,255,255,255,255,255,255,255,255,255,255,255,255,255,255,255,255,255,255,255,255,255,255,255,255,255,255,255,255,255,255,255,255,255,255,255,255,255,255,255,255,255,255,255,\r\n'
2022-05-30 17:40:58 b'Signal received!\r\n'
2022-05-30 17:40:59 b'3,17,40,57,30,5,22,6,2,0,60,2,2,6,0,2,0,0,5,6,7,8,255,255,255,255,255,255,255,255,255,255,255,255,255,255,255,255,255,255,255,255,255,255,255,255,255,255,255,255,255,255,255,255,255,255,255,255,255,255,255,255,255,255,255,255,255,255,255,255,255,255,255,255,255,255,255,255,255,255,255,255,255,255,255,255,255,255,255,255,255,255,255,255,255,255,255,255,255,255,255,255,255,255,255,255,255,255,255,255,255,255,255,255,255,\r\n'
2022-05-30 17:40:59 b'Signal received!\r\n'
2022-05-30 17:41:00 b'4,17,40,58,30,5,22,2,1,4,67,0,6,4,0,2,146,163,5,6,7,8,3,0,2,133,163,5,6,7,8,5,0,2,146,163,5,6,7,8,6,0,2,139,162,5,6,7,8,255,255,255,255,255,255,255,255,255,255,255,255,255,255,255,255,255,255,255,255,255,255,255,255,255,255,255,255,255,255,255,255,255,255,255,255,255,255,255,255,255,255,255,255,255,255,255,255,255,255,255,255,255,255,255,255,255,255,255,255,255,255,255,255,255,255,\r\n'
2022-05-30 17:41:00 b'Signal received!\r\n'
2022-05-30 17:41:01 b'3,17,40,59,30,5,22,6,2,4,60,2,2,6,0,2,0,0,5,6,7,8,255,255,255,255,255,255,255,255,255,255,255,255,255,255,255,255,255,255,255,255,255,255,255,255,255,255,255,255,255,255,255,255,255,255,255,255,255,255,255,255,255,255,255,255,255,255,255,255,255,255,255,255,255,255,255,255,255,255,255,255,255,255,255,255,255,255,255,255,255,255,255,255,255,255,255,255,255,255,255,255,255,255,255,255,255,255,255,255,255,255,255,255,255,\r\n'
2022-05-30 17:41:02 b'\r\n'
2022-05-30 17:41:03 b'LoRaWAN CN470 Class A start!\r\n'
2022-05-30 17:41:03 b'\r\n'
2022-05-30 17:41:03 b'lorawan sending\r\n'
2022-05-30 17:41:04 b'3 17 41 1 30 5 22 1 1 0 67 0 0 1 0 0 0 0 5 6 7 8 255 255 255 255 255 255 255 255 255 255 255 255 255 255 255 255 255 255 255 255 255 255 255 255 255 255 255 255 255 255 255 255 255 255 255 255 255 255 255 255 255 255 255 255 255 255 255 255 255 255 255 255 255 255 255 255 255 255 255 255 255 255 255 255 255 255 255 255 255 255 255 255 255 255 255 255 255 255 255 255 255 255 255 255 255 255 255 255 255 255 255 255 255 \r\n'
2022-05-30 17:41:04 b'\r\n'
2022-05-30 17:41:05 b'lorawan receive packet with rssi -23 , snr 12\r\n'
2022-05-30 17:41:05 b'\r\n'
2022-05-30 17:41:06 b'lorawan receive packet with rssi -23 , snr 12\r\n'
2022-05-30 17:41:07 b'\r\n'
2022-05-30 17:41:07 b'lorawan receive packet with rssi -22 , snr 12\r\n'
2022-05-30 17:41:08 b'\r\n'
2022-05-30 17:41:09 b'lorawan receive packet with rssi -22 , snr 11\r\n'
2022-05-30 17:41:09 b'Start running... This device ID is 1, priority is 0.\r\n'
2022-05-30 17:41:09 b'Nomally transmitting... This device ID is 1. \r\n'
2022-05-30 17:41:10 b'Father device id is: 0. Son device num is: 0. Device rank is: 1. Rounds is 1. Priority is 0. Network will start at: 17 43 0 30 5 22 \r\n'
2022-05-30 17:41:10 b'Now sleep:93s. \xfd'
2022-05-30 17:42:41 b'17 42 40 30 5 2022\r\n'
2022-05-30 17:42:41 b'OpenRadioDuration start!\r\n'
2022-05-30 17:42:41 b'Signal received!\r\n'
2022-05-30 17:42:42 b'3,17,42,40,30,5,22,4,2,1,60,2,2,4,1,2,0,0,5,6,7,8,255,255,255,255,255,255,255,255,255,255,255,255,255,255,255,255,255,255,255,255,255,255,255,255,255,255,255,255,255,255,255,255,255,255,255,255,255,255,255,255,255,255,255,255,255,255,255,255,255,255,255,255,255,255,255,255,255,255,255,255,255,255,255,255,255,255,255,255,255,255,255,255,255,255,255,255,255,255,255,255,255,255,255,255,255,255,255,255,255,255,255,255,255,\r\n'
2022-05-30 17:42:42 b'Signal received!\r\n'
2022-05-30 17:42:42 b'4,17,42,41,30,5,22,2,1,0,67,0,4,4,1,2,143,163,5,6,7,8,255,255,255,255,255,255,255,255,255,255,255,255,255,255,255,255,255,255,255,255,255,255,255,255,255,255,255,255,255,255,255,255,255,255,255,255,255,255,255,255,255,255,255,255,255,255,255,255,255,255,255,255,255,255,255,255,255,255,255,255,255,255,255,255,255,255,255,255,255,255,255,255,255,255,255,255,255,255,255,255,255,255,255,255,255,255,255,255,255,255,255,255,255,\r\n'
2022-05-30 17:42:44 b'Signal received!\r\n'
2022-05-30 17:42:44 b'3,17,42,42,30,5,22,3,2,2,62,2,2,3,1,2,0,0,5,6,7,8,255,255,255,255,255,255,255,255,255,255,255,255,255,255,255,255,255,255,255,255,255,255,255,255,255,255,255,255,255,255,255,255,255,255,255,255,255,255,255,255,255,255,255,255,255,255,255,255,255,255,255,255,255,255,255,255,255,255,255,255,255,255,255,255,255,255,255,255,255,255,255,255,255,255,255,255,255,255,255,255,255,255,255,255,255,255,255,255,255,255,255,255,255,\r\n'
2022-05-30 17:42:44 b'Signal received!\r\n'
2022-05-30 17:42:44 b'4,17,42,43,30,5,22,2,1,0,67,0,3,4,1,2,143,163,5,6,7,8,3,1,2,139,162,5,6,7,8,255,255,255,255,255,255,255,255,255,255,255,255,255,255,255,255,255,255,255,255,255,255,255,255,255,255,255,255,255,255,255,255,255,255,255,255,255,255,255,255,255,255,255,255,255,255,255,255,255,255,255,255,255,255,255,255,255,255,255,255,255,255,255,255,255,255,255,255,255,255,255,255,255,255,255,255,255,255,255,255,255,255,255,255,\r\n'
2022-05-30 17:42:46 b'Signal received!\r\n'
2022-05-30 17:42:46 b'3,17,42,44,30,5,22,5,2,3,64,2,2,5,1,2,0,0,5,6,7,8,255,255,255,255,255,255,255,255,255,255,255,255,255,255,255,255,255,255,255,255,255,255,255,255,255,255,255,255,255,255,255,255,255,255,255,255,255,255,255,255,255,255,255,255,255,255,255,255,255,255,255,255,255,255,255,255,255,255,255,255,255,255,255,255,255,255,255,255,255,255,255,255,255,255,255,255,255,255,255,255,255,255,255,255,255,255,255,255,255,255,255,255,255,\r\n'
2022-05-30 17:42:47 b'Signal received!\r\n'
2022-05-30 17:42:47 b'4,17,42,45,30,5,22,2,1,0,67,0,5,4,1,2,143,163,5,6,7,8,3,1,2,139,162,5,6,7,8,5,1,2,148,163,5,6,7,8,255,255,255,255,255,255,255,255,255,255,255,255,255,255,255,255,255,255,255,255,255,255,255,255,255,255,255,255,255,255,255,255,255,255,255,255,255,255,255,255,255,255,255,255,255,255,255,255,255,255,255,255,255,255,255,255,255,255,255,255,255,255,255,255,255,255,255,255,255,255,255,255,255,255,255,\r\n'
2022-05-30 17:42:48 b'Signal received!\r\n'
2022-05-30 17:42:49 b'3,17,42,47,30,5,22,6,2,4,60,2,2,6,1,2,0,0,5,6,7,8,255,255,255,255,255,255,255,255,255,255,255,255,255,255,255,255,255,255,255,255,255,255,255,255,255,255,255,255,255,255,255,255,255,255,255,255,255,255,255,255,255,255,255,255,255,255,255,255,255,255,255,255,255,255,255,255,255,255,255,255,255,255,255,255,255,255,255,255,255,255,255,255,255,255,255,255,255,255,255,255,255,255,255,255,255,255,255,255,255,255,255,255,255,\r\n'
2022-05-30 17:42:49 b'Signal received!\r\n'
2022-05-30 17:42:50 b'4,17,42,47,30,5,22,2,1,0,67,0,6,4,1,2,143,163,5,6,7,8,3,1,2,139,162,5,6,7,8,5,1,2,148,163,5,6,7,8,6,1,2,139,163,5,6,7,8,255,255,255,255,255,255,255,255,255,255,255,255,255,255,255,255,255,255,255,255,255,255,255,255,255,255,255,255,255,255,255,255,255,255,255,255,255,255,255,255,255,255,255,255,255,255,255,255,255,255,255,255,255,255,255,255,255,255,255,255,255,255,255,255,255,255,\r\n'
2022-05-30 17:43:02 b'\r\n'
2022-05-30 17:43:02 b'LoRaWAN CN470 Class A start!\r\n'
2022-05-30 17:43:02 b'\r\n'
2022-05-30 17:43:03 b'lorawan sending\r\n'
2022-05-30 17:43:03 b'3 17 43 0 30 5 22 1 1 0 67 0 0 1 1 0 0 0 5 6 7 8 255 255 255 255 255 255 255 255 255 255 255 255 255 255 255 255 255 255 255 255 255 255 255 255 255 255 255 255 255 255 255 255 255 255 255 255 255 255 255 255 255 255 255 255 255 255 255 255 255 255 255 255 255 255 255 255 255 255 255 255 255 255 255 255 255 255 255 255 255 255 255 255 255 255 255 255 255 255 255 255 255 255 255 255 255 255 255 255 255 255 255 255 255 \r\n'
2022-05-30 17:43:04 b'\r\n'
2022-05-30 17:43:04 b'lorawan receive packet with rssi -25 , snr 11\r\n'
2022-05-30 17:43:05 b'\r\n'
2022-05-30 17:43:05 b'lorawan receive packet with rssi -23 , snr 12\r\n'
2022-05-30 17:43:06 b'\r\n'
2022-05-30 17:43:06 b'lorawan receive packet with rssi -34 , snr 13\r\n'
2022-05-30 17:43:07 b'\r\n'
2022-05-30 17:43:08 b'lorawan receive packet with rssi -26 , snr 11\r\n'
2022-05-30 17:43:08 b'Start running... This device ID is 1, priority is 0.\r\n'
2022-05-30 17:43:09 b'Nomally transmitting... This device ID is 1. \r\n'
2022-05-30 17:43:09 b'Father device id is: 0. Son device num is: 0. Device rank is: 1. Rounds is 2. Priority is 0. Network will start at: 17 45 0 30 5 22 \r\n'
2022-05-30 17:43:10 b'Now sleep:94s. \xfd'
