2022-05-30 17:34:41 b'ASR is Waked,LowPower Mode Stopped\r\n'
2022-05-30 17:34:41 b'Time init success!\r\n'
2022-05-30 17:34:41 b'Now sleep:140s. \r\n'
2022-05-30 17:34:51 b'Auto LowPower Mode\r\n'
2022-05-30 17:37:01 b'Start running... This device ID is 3, priority is 0.\r\n'
2022-05-30 17:37:01 b'17 37 0 30 5 2022\r\n'
2022-05-30 17:37:01 b'\r\n'
2022-05-30 17:37:01 b'LoRaWAN CN470 Class A start!\r\n'
2022-05-30 17:37:01 b'\r\n'
2022-05-30 17:37:02 b'\r\n'
2022-05-30 17:37:03 b'lorawan receive packet with rssi -33 , snr 11\r\n'
2022-05-30 17:37:42 b'LoRa Init Success!\r\n'
2022-05-30 17:37:42 b'Network will start at: 17 39 0 30 5 22 \r\n'
2022-05-30 17:37:43 b'Now sleep:79s. \xfd'
2022-05-30 17:39:01 b'17 39 0 30 5 2022\r\n'
2022-05-30 17:39:01 b'Networking... This device ID is 3\r\n'
2022-05-30 17:39:01 b'OpenRadioDuration start!\r\n'
2022-05-30 17:39:02 b'Signal received!\r\n'
2022-05-30 17:39:03 b'1,17,39,1,30,5,22,1,1,0,67,0,0,255,255,255,255,255,255,255,255,255,255,255,255,255,255,255,255,255,255,255,255,255,255,255,255,255,255,255,255,255,255,255,255,255,255,255,255,255,255,255,255,255,255,255,255,255,255,255,255,255,255,255,255,255,255,255,255,255,255,255,255,255,255,255,255,255,255,255,255,255,255,255,255,255,255,255,255,255,255,255,255,255,255,255,255,255,255,255,255,255,255,255,255,255,255,255,255,255,255,255,255,255,255,\r\n'
2022-05-30 17:39:03 b'INSTRUCTION_NETWORKING signal receive success!\r\n'
2022-05-30 17:39:03 b'Signal received!\r\n'
2022-05-30 17:39:04 b'1,17,39,1,30,5,22,1,1,0,67,0,0,255,255,255,255,255,255,255,255,255,255,255,255,255,255,255,255,255,255,255,255,255,255,255,255,255,255,255,255,255,255,255,255,255,255,255,255,255,255,255,255,255,255,255,255,255,255,255,255,255,255,255,255,255,255,255,255,255,255,255,255,255,255,255,255,255,255,255,255,255,255,255,255,255,255,255,255,255,255,255,255,255,255,255,255,255,255,255,255,255,255,255,255,255,255,255,255,255,255,255,255,255,255,\r\n'
2022-05-30 17:39:04 b'Signal received!\r\n'
2022-05-30 17:39:04 b'1,17,39,2,30,5,22,2,1,0,68,0,0,255,255,255,255,255,255,255,255,255,255,255,255,255,255,255,255,255,255,255,255,255,255,255,255,255,255,255,255,255,255,255,255,255,255,255,255,255,255,255,255,255,255,255,255,255,255,255,255,255,255,255,255,255,255,255,255,255,255,255,255,255,255,255,255,255,255,255,255,255,255,255,255,255,255,255,255,255,255,255,255,255,255,255,255,255,255,255,255,255,255,255,255,255,255,255,255,255,255,255,255,255,255,\r\n'
2022-05-30 17:39:05 b'INSTRUCTION_NETWORKING signal receive success!\r\n'
2022-05-30 17:39:06 b'SelectFatherEndDevice Start!\r\n'
2022-05-30 17:39:06 b'Calculate weight... Potential father ID is 1, weight is 97. Calculate weight... Potential father ID is 2, weight is 143. neibornum:2, maxweightpos: 1 143\r\n'
2022-05-30 17:39:07 b'ReceivePriority start!\r\n'
2022-05-30 17:39:07 b'Send INSTRUCTION_NETWORKED_CONFIRM.\r\n'
2022-05-30 17:39:07 b'17 39 5 30 5 2022\r\n'
2022-05-30 17:39:11 b'Send INSTRUCTION_NETWORKED_CONFIRM.\r\n'
2022-05-30 17:39:12 b'17 39 10 30 5 2022\r\n'
2022-05-30 17:39:12 b'Signal received!\r\n'
2022-05-30 17:39:12 b'5,17,39,11,30,5,22,2,1,2,67,0,3,255,255,255,255,255,255,255,255,255,255,255,255,255,255,255,255,255,255,255,255,255,255,255,255,255,255,255,255,255,255,255,255,255,255,255,255,255,255,255,255,255,255,255,255,255,255,255,255,255,255,255,255,255,255,255,255,255,255,255,255,255,255,255,255,255,255,255,255,255,255,255,255,255,255,255,255,255,255,255,255,255,255,255,255,255,255,255,255,255,255,255,255,255,255,255,255,255,255,255,255,255,255,\r\n'
2022-05-30 17:39:16 b'ReceivePriority end!\r\n'
2022-05-30 17:39:17 b'Now sleep:10s. \xfd'
2022-05-30 17:39:26 b'LoraRandomSend start!\r\n'
2022-05-30 17:39:30 b'Now sleep:1s. \xfd'
2022-05-30 17:39:31 b'Lora networking...\r\n'
2022-05-30 17:39:32 b'AssignPriority start!\r\n'
2022-05-30 17:39:32 b'17 39 30 30 5 2022\r\n'
2022-05-30 17:39:32 b'OpenRadioDuration start!\r\n'
2022-05-30 17:39:37 b'17 39 35 30 5 2022\r\n'
2022-05-30 17:39:37 b'OpenRadioDuration start!\r\n'
2022-05-30 17:39:42 b'17 39 40 30 5 2022\r\n'
2022-05-30 17:39:42 b'OpenRadioDuration start!\r\n'
2022-05-30 17:39:47 b'Nomally transmitting... This device ID is 3. \r\n'
2022-05-30 17:39:47 b'Father device id is: 2. Son device num is: 0. Device rank is: 2. Rounds is 0. Priority is 2. Network will start at: 17 41 0 30 5 22 \r\n'
2022-05-30 17:39:48 b'Now sleep:35s. \xfd'
2022-05-30 17:40:22 b'17 40 20 30 5 2022\r\n'
2022-05-30 17:40:22 b'Now sleep:20s. \xfd'
2022-05-30 17:40:42 b'lora sending\r\n'
2022-05-30 17:40:42 b'3 17 40 41 30 5 22 3 2 2 62 2 2 3 0 2 0 0 5 6 7 8 255 255 255 255 255 255 255 255 255 255 255 255 255 255 255 255 255 255 255 255 255 255 255 255 255 255 255 255 255 255 255 255 255 255 255 255 255 255 255 255 255 255 255 255 255 255 255 255 255 255 255 255 255 255 255 255 255 255 255 255 255 255 255 255 255 255 255 255 255 255 255 255 255 255 255 255 255 255 255 255 255 255 255 255 255 255 255 255 255 255 255 255 255 \r\n'
2022-05-30 17:40:42 b'LoraTDMATransmit start!\r\n'
2022-05-30 17:40:44 b'OpenRadioDuration start!\r\n'
2022-05-30 17:40:45 b'Before Update: 17 40 44 30 5 2022\r\n'
2022-05-30 17:40:45 b'After Update: 17 40 44 30 5 2022\r\n'
2022-05-30 17:40:45 b'Signal received!\r\n'
2022-05-30 17:40:46 b'4,17,40,44,30,5,22,2,1,0,67,0,3,4,0,2,146,163,5,6,7,8,3,0,2,133,163,5,6,7,8,255,255,255,255,255,255,255,255,255,255,255,255,255,255,255,255,255,255,255,255,255,255,255,255,255,255,255,255,255,255,255,255,255,255,255,255,255,255,255,255,255,255,255,255,255,255,255,255,255,255,255,255,255,255,255,255,255,255,255,255,255,255,255,255,255,255,255,255,255,255,255,255,255,255,255,255,255,255,255,255,255,255,255,255,\r\n'
2022-05-30 17:40:46 b'Signal received!\r\n'
2022-05-30 17:40:46 b'3,17,40,45,30,5,22,5,2,3,64,2,2,5,0,2,0,0,5,6,7,8,255,255,255,255,255,255,255,255,255,255,255,255,255,255,255,255,255,255,255,255,255,255,255,255,255,255,255,255,255,255,255,255,255,255,255,255,255,255,255,255,255,255,255,255,255,255,255,255,255,255,255,255,255,255,255,255,255,255,255,255,255,255,255,255,255,255,255,255,255,255,255,255,255,255,255,255,255,255,255,255,255,255,255,255,255,255,255,255,255,255,255,255,255,\r\n'
2022-05-30 17:40:47 b'Start running... This device ID is 3, priority is 2.\r\n'
2022-05-30 17:40:47 b'Nomally transmitting... This device ID is 3. \r\n'
2022-05-30 17:40:48 b'Father device id is: 2. Son device num is: 0. Device rank is: 2. Rounds is 1. Priority is 2. Network will start at: 17 43 0 30 5 22 \r\n'
2022-05-30 17:40:48 b'Now sleep:95s. \xfd'
2022-05-30 17:42:21 b'17 42 20 30 5 2022\r\n'
2022-05-30 17:42:22 b'Now sleep:20s. \xfd'
2022-05-30 17:42:41 b'lora sending\r\n'
2022-05-30 17:42:41 b'3 17 42 40 30 5 22 3 2 2 62 2 2 3 1 2 0 0 5 6 7 8 255 255 255 255 255 255 255 255 255 255 255 255 255 255 255 255 255 255 255 255 255 255 255 255 255 255 255 255 255 255 255 255 255 255 255 255 255 255 255 255 255 255 255 255 255 255 255 255 255 255 255 255 255 255 255 255 255 255 255 255 255 255 255 255 255 255 255 255 255 255 255 255 255 255 255 255 255 255 255 255 255 255 255 255 255 255 255 255 255 255 255 255 255 \r\n'
2022-05-30 17:42:41 b'LoraTDMATransmit start!\r\n'
2022-05-30 17:42:44 b'OpenRadioDuration start!\r\n'
2022-05-30 17:42:44 b'Before Update: 17 42 43 30 5 2022\r\n'
2022-05-30 17:42:44 b'After Update: 17 42 43 30 5 2022\r\n'
2022-05-30 17:42:44 b'Signal received!\r\n'
2022-05-30 17:42:45 b'4,17,42,43,30,5,22,2,1,0,67,0,3,4,1,2,143,163,5,6,7,8,3,1,2,139,162,5,6,7,8,255,255,255,255,255,255,255,255,255,255,255,255,255,255,255,255,255,255,255,255,255,255,255,255,255,255,255,255,255,255,255,255,255,255,255,255,255,255,255,255,255,255,255,255,255,255,255,255,255,255,255,255,255,255,255,255,255,255,255,255,255,255,255,255,255,255,255,255,255,255,255,255,255,255,255,255,255,255,255,255,255,255,255,255,\r\n'
2022-05-30 17:42:46 b'Start running... This device ID is 3, priority is 2.\r\n'
2022-05-30 17:42:46 b'Nomally transmitting... This device ID is 3. \r\n'
2022-05-30 17:42:46 b'Father device id is: 2. Son device num is: 0. Device rank is: 2. Rounds is 2. Priority is 2. Network will start at: 17 45 0 30 5 22 \r\n'
2022-05-30 17:42:47 b'Now sleep:96s. \xfd'
