2022-05-30 16:24:11 b'ASR is Waked,LowPower Mode Stopped\r\n'
2022-05-30 16:24:11 b'Time init success!\r\n'
2022-05-30 16:24:11 b'Now sleep:49s. \r\n'
2022-05-30 16:24:21 b'Auto LowPower Mode\r\n'
2022-05-30 16:25:00 b'Start running... This device ID is 5, priority is 0.\r\n'
2022-05-30 16:25:00 b'16 25 0 30 5 2022\r\n'
2022-05-30 16:25:00 b'\r\n'
2022-05-30 16:25:00 b'LoRaWAN CN470 Class A start!\r\n'
2022-05-30 16:25:00 b'\r\n'
2022-05-30 16:25:01 b'\r\n'
2022-05-30 16:25:02 b'lorawan receive packet with rssi -34 , snr 12\r\n'
2022-05-30 16:25:40 b'LoRa Init Success!\r\n'
2022-05-30 16:25:41 b'Network will start at: 16 27 0 30 5 22 \r\n'
2022-05-30 16:25:41 b'Now sleep:80s. \xfd'
2022-05-30 16:27:00 b'16 27 0 30 5 2022\r\n'
2022-05-30 16:27:00 b'Networking... This device ID is 5\r\n'
2022-05-30 16:27:00 b'OpenRadioDuration start!\r\n'
2022-05-30 16:27:02 b'Signal received!\r\n'
2022-05-30 16:27:02 b'1,16,27,1,30,5,22,2,1,0,69,0,0,255,255,255,255,255,255,255,255,255,255,255,255,255,255,255,255,255,255,255,255,255,255,255,255,255,255,255,255,255,255,255,255,255,255,255,255,255,255,255,255,255,255,255,255,255,255,255,255,255,255,255,255,255,255,255,255,255,255,255,255,255,255,255,255,255,255,255,255,255,255,255,255,255,255,255,255,255,255,255,255,255,255,255,255,255,255,255,255,255,255,255,255,255,255,255,255,255,255,255,255,255,255,\r\n'
2022-05-30 16:27:03 b'INSTRUCTION_NETWORKING signal receive success!\r\n'
2022-05-30 16:27:03 b'Signal received!\r\n'
2022-05-30 16:27:04 b'1,16,27,1,30,5,22,2,1,0,69,0,0,255,255,255,255,255,255,255,255,255,255,255,255,255,255,255,255,255,255,255,255,255,255,255,255,255,255,255,255,255,255,255,255,255,255,255,255,255,255,255,255,255,255,255,255,255,255,255,255,255,255,255,255,255,255,255,255,255,255,255,255,255,255,255,255,255,255,255,255,255,255,255,255,255,255,255,255,255,255,255,255,255,255,255,255,255,255,255,255,255,255,255,255,255,255,255,255,255,255,255,255,255,255,\r\n'
2022-05-30 16:27:05 b'SelectFatherEndDevice Start!\r\n'
2022-05-30 16:27:05 b'Calculate weight... Potential father ID is 2, weight is 100. neibornum:1, maxweightpos: 0 100\r\n'
2022-05-30 16:27:05 b'ReceivePriority start!\r\n'
2022-05-30 16:27:05 b'Send INSTRUCTION_NETWORKED_CONFIRM.\r\n'
2022-05-30 16:27:05 b'16 27 5 30 5 2022\r\n'
2022-05-30 16:27:10 b'Send INSTRUCTION_NETWORKED_CONFIRM.\r\n'
2022-05-30 16:27:11 b'16 27 10 30 5 2022\r\n'
2022-05-30 16:27:12 b'Signal received!\r\n'
2022-05-30 16:27:13 b'5,16,27,11,30,5,22,2,1,2,68,0,5,255,255,255,255,255,255,255,255,255,255,255,255,255,255,255,255,255,255,255,255,255,255,255,255,255,255,255,255,255,255,255,255,255,255,255,255,255,255,255,255,255,255,255,255,255,255,255,255,255,255,255,255,255,255,255,255,255,255,255,255,255,255,255,255,255,255,255,255,255,255,255,255,255,255,255,255,255,255,255,255,255,255,255,255,255,255,255,255,255,255,255,255,255,255,255,255,255,255,255,255,255,255,\r\n'
2022-05-30 16:27:16 b'ReceivePriority end!\r\n'
2022-05-30 16:27:16 b'Now sleep:10s. \xfd'
2022-05-30 16:27:25 b'LoraRandomSend start!\r\n'
2022-05-30 16:27:29 b'Now sleep:2s. \xfd'
2022-05-30 16:27:30 b'Lora networking...\r\n'
2022-05-30 16:27:31 b'AssignPriority start!\r\n'
2022-05-30 16:27:31 b'16 27 30 30 5 2022\r\n'
2022-05-30 16:27:31 b'OpenRadioDuration start!\r\n'
2022-05-30 16:27:36 b'16 27 35 30 5 2022\r\n'
2022-05-30 16:27:36 b'OpenRadioDuration start!\r\n'
2022-05-30 16:27:41 b'16 27 40 30 5 2022\r\n'
2022-05-30 16:27:41 b'OpenRadioDuration start!\r\n'
2022-05-30 16:27:43 b'Signal received!\r\n'
2022-05-30 16:27:44 b'3,16,27,42,30,5,22,3,2,2,67,1,1,3,18,1,3,4,5,6,0,0,255,255,255,255,255,255,255,255,255,255,255,255,255,255,255,255,255,255,255,255,255,255,255,255,255,255,255,255,255,255,255,255,255,255,255,255,255,255,255,255,255,255,255,255,255,255,255,255,255,255,255,255,255,255,255,255,255,255,255,255,255,255,255,255,255,255,255,255,255,255,255,255,255,255,255,255,255,255,255,255,255,255,255,255,255,255,255,255,255,255,255,255,255,\r\n'
2022-05-30 16:27:44 b'Signal received!\r\n'
2022-05-30 16:27:45 b'4,16,27,43,30,5,22,1,1,0,69,0,3,3,18,1,3,4,5,6,254,13,0,0,255,255,255,255,255,254,13,255,255,255,255,255,255,255,255,255,255,255,255,255,255,255,255,255,255,255,255,255,255,255,255,255,255,255,255,255,255,255,255,255,255,255,255,255,255,255,255,255,255,255,255,255,255,255,255,255,255,255,255,255,255,255,255,255,255,255,255,255,255,255,255,255,255,255,255,255,255,255,255,255,255,255,255,255,255,255,255,255,255,255,255,\r\n'
2022-05-30 16:27:46 b'Nomally transmitting... This device ID is 5. \r\n'
2022-05-30 16:27:46 b'Father device id is: 2. Son device num is: 0. Device rank is: 2. Rounds is 0. Priority is 2. Network will start at: 16 29 0 30 5 22 \r\n'
2022-05-30 16:27:47 b'Now sleep:35s. \xfd'
2022-05-30 16:28:21 b'16 28 20 30 5 2022\r\n'
2022-05-30 16:28:22 b'Now sleep:20s. \xfd'
2022-05-30 16:28:41 b'lora sending\r\n'
2022-05-30 16:28:42 b'3 16 28 41 30 5 22 5 2 2 60 2 2 5 0 2 0 0 5 6 7 8 255 255 255 255 255 255 255 255 255 255 255 255 255 255 255 255 255 255 255 255 255 255 255 255 255 255 255 255 255 255 255 255 255 255 255 255 255 255 255 255 255 255 255 255 255 255 255 255 255 255 255 255 255 255 255 255 255 255 255 255 255 255 255 255 255 255 255 255 255 255 255 255 255 255 255 255 255 255 255 255 255 255 255 255 255 255 255 255 255 255 255 255 255 \r\n'
2022-05-30 16:28:42 b'LoraTDMATransmit start!\r\n'
2022-05-30 16:28:44 b'OpenRadioDuration start!\r\n'
2022-05-30 16:28:44 b'Before Update: 16 28 44 30 5 2022\r\n'
2022-05-30 16:28:44 b'After Update: 16 28 43 30 5 2022\r\n'
2022-05-30 16:28:45 b'Signal received!\r\n'
2022-05-30 16:28:45 b'4,16,28,43,30,5,22,2,1,0,68,0,5,6,0,2,146,162,0,0,5,6,7,8,255,146,162,255,255,255,255,5,0,2,149,163,0,0,5,6,7,8,255,149,163,255,255,255,255,255,255,255,255,255,255,255,255,255,255,255,255,255,255,255,255,255,255,255,255,255,255,255,255,255,255,255,255,255,255,255,255,255,255,255,255,255,255,255,255,255,255,255,255,255,255,255,255,255,255,255,255,255,255,255,255,255,255,255,255,255,255,255,255,255,255,\r\n'
2022-05-30 16:28:46 b'Start running... This device ID is 5, priority is 2.\r\n'
2022-05-30 16:28:46 b'Nomally transmitting... This device ID is 5. \r\n'
2022-05-30 16:28:47 b'Father device id is: 2. Son device num is: 0. Device rank is: 2. Rounds is 1. Priority is 2. Network will start at: 16 31 0 30 5 22 \r\n'
2022-05-30 16:28:47 b'Now sleep:96s. \xfd'
2022-05-30 16:30:21 b'16 30 20 30 5 2022\r\n'
2022-05-30 16:30:22 b'Now sleep:20s. \xfd'
2022-05-30 16:30:42 b'lora sending\r\n'
2022-05-30 16:30:42 b'3 16 30 40 30 5 22 5 2 2 60 2 2 5 1 2 0 0 5 6 7 8 255 255 255 255 255 255 255 255 255 255 255 255 255 255 255 255 255 255 255 255 255 255 255 255 255 255 255 255 255 255 255 255 255 255 255 255 255 255 255 255 255 255 255 255 255 255 255 255 255 255 255 255 255 255 255 255 255 255 255 255 255 255 255 255 255 255 255 255 255 255 255 255 255 255 255 255 255 255 255 255 255 255 255 255 255 255 255 255 255 255 255 255 255 \r\n'
2022-05-30 16:30:42 b'LoraTDMATransmit start!\r\n'
2022-05-30 16:30:44 b'OpenRadioDuration start!\r\n'
2022-05-30 16:30:44 b'Before Update: 16 30 43 30 5 2022\r\n'
2022-05-30 16:30:45 b'After Update: 16 30 44 30 5 2022\r\n'
2022-05-30 16:30:45 b'Signal received!\r\n'
2022-05-30 16:30:46 b'4,16,30,44,30,5,22,2,1,0,68,0,5,6,1,2,148,163,0,0,5,6,7,8,255,148,163,255,255,255,255,5,1,2,150,163,0,0,5,6,7,8,255,150,163,255,255,255,255,255,255,255,255,255,255,255,255,255,255,255,255,255,255,255,255,255,255,255,255,255,255,255,255,255,255,255,255,255,255,255,255,255,255,255,255,255,255,255,255,255,255,255,255,255,255,255,255,255,255,255,255,255,255,255,255,255,255,255,255,255,255,255,255,255,255,\r\n'
2022-05-30 16:30:46 b'Start running... This device ID is 5, priority is 2.\r\n'
2022-05-30 16:30:47 b'Nomally transmitting... This device ID is 5. \r\n'
2022-05-30 16:30:47 b'Father device id is: 2. Son device num is: 0. Device rank is: 2. Rounds is 2. Priority is 2. Network will start at: 16 33 0 30 5 22 \r\n'
2022-05-30 16:30:48 b'Now sleep:95s. \xfd'
2022-05-30 16:32:21 b'16 32 20 30 5 2022\r\n'
2022-05-30 16:32:21 b'Now sleep:20s. \xfd'
2022-05-30 16:32:41 b'lora sending\r\n'
2022-05-30 16:32:41 b'3 16 32 40 30 5 22 5 2 2 60 2 2 5 2 2 0 0 5 6 7 8 255 255 255 255 255 255 255 255 255 255 255 255 255 255 255 255 255 255 255 255 255 255 255 255 255 255 255 255 255 255 255 255 255 255 255 255 255 255 255 255 255 255 255 255 255 255 255 255 255 255 255 255 255 255 255 255 255 255 255 255 255 255 255 255 255 255 255 255 255 255 255 255 255 255 255 255 255 255 255 255 255 255 255 255 255 255 255 255 255 255 255 255 255 \r\n'
2022-05-30 16:32:41 b'LoraTDMATransmit start!\r\n'
2022-05-30 16:32:43 b'OpenRadioDuration start!\r\n'
2022-05-30 16:32:44 b'Before Update: 16 32 43 30 5 2022\r\n'
2022-05-30 16:32:44 b'After Update: 16 32 43 30 5 2022\r\n'
2022-05-30 16:32:44 b'Signal received!\r\n'
2022-05-30 16:32:45 b'4,16,32,43,30,5,22,2,1,0,68,0,5,6,2,2,147,162,0,0,5,6,7,8,255,147,162,255,255,255,255,5,2,2,150,163,0,0,5,6,7,8,255,150,163,255,255,255,255,255,255,255,255,255,255,255,255,255,255,255,255,255,255,255,255,255,255,255,255,255,255,255,255,255,255,255,255,255,255,255,255,255,255,255,255,255,255,255,255,255,255,255,255,255,255,255,255,255,255,255,255,255,255,255,255,255,255,255,255,255,255,255,255,255,255,\r\n'
2022-05-30 16:32:45 b'Start running... This device ID is 5, priority is 2.\r\n'
2022-05-30 16:32:45 b'Nomally transmitting... This device ID is 5. \r\n'
2022-05-30 16:32:46 b'Father device id is: 2. Son device num is: 0. Device rank is: 2. Rounds is 3. Priority is 2. Network will start at: 16 35 0 30 5 22 \r\n'
2022-05-30 16:32:47 b'Now sleep:96s. \xfd'
2022-05-30 16:34:21 b'16 34 20 30 5 2022\r\n'
2022-05-30 16:34:22 b'Now sleep:20s. \xfd'
2022-05-30 16:34:41 b'lora sending\r\n'
2022-05-30 16:34:41 b'3 16 34 40 30 5 22 5 2 2 60 2 2 5 3 2 0 0 5 6 7 8 255 255 255 255 255 255 255 255 255 255 255 255 255 255 255 255 255 255 255 255 255 255 255 255 255 255 255 255 255 255 255 255 255 255 255 255 255 255 255 255 255 255 255 255 255 255 255 255 255 255 255 255 255 255 255 255 255 255 255 255 255 255 255 255 255 255 255 255 255 255 255 255 255 255 255 255 255 255 255 255 255 255 255 255 255 255 255 255 255 255 255 255 255 \r\n'
2022-05-30 16:34:41 b'LoraTDMATransmit start!\r\n'
2022-05-30 16:34:44 b'OpenRadioDuration start!\r\n'
2022-05-30 16:34:44 b'Before Update: 16 34 43 30 5 2022\r\n'
2022-05-30 16:34:44 b'After Update: 16 34 43 30 5 2022\r\n'
2022-05-30 16:34:45 b'Signal received!\r\n'
2022-05-30 16:34:45 b'4,16,34,43,30,5,22,2,1,0,68,0,5,6,3,2,149,164,0,0,5,6,7,8,255,149,164,255,255,255,255,5,3,2,150,163,0,0,5,6,7,8,255,150,163,255,255,255,255,255,255,255,255,255,255,255,255,255,255,255,255,255,255,255,255,255,255,255,255,255,255,255,255,255,255,255,255,255,255,255,255,255,255,255,255,255,255,255,255,255,255,255,255,255,255,255,255,255,255,255,255,255,255,255,255,255,255,255,255,255,255,255,255,255,255,\r\n'
2022-05-30 16:34:46 b'Start running... This device ID is 5, priority is 2.\r\n'
2022-05-30 16:34:46 b'Nomally transmitting... This device ID is 5. \r\n'
2022-05-30 16:34:47 b'Father device id is: 2. Son device num is: 0. Device rank is: 2. Rounds is 4. Priority is 2. Network will start at: 16 37 0 30 5 22 \r\n'
2022-05-30 16:34:47 b'Now sleep:96s. \xfd'
2022-05-30 16:36:21 b'16 36 20 30 5 2022\r\n'
2022-05-30 16:36:22 b'Now sleep:20s. \xfd'
2022-05-30 16:36:41 b'lora sending\r\n'
2022-05-30 16:36:42 b'3 16 36 40 30 5 22 5 2 2 60 2 2 5 4 2 0 0 5 6 7 8 255 255 255 255 255 255 255 255 255 255 255 255 255 255 255 255 255 255 255 255 255 255 255 255 255 255 255 255 255 255 255 255 255 255 255 255 255 255 255 255 255 255 255 255 255 255 255 255 255 255 255 255 255 255 255 255 255 255 255 255 255 255 255 255 255 255 255 255 255 255 255 255 255 255 255 255 255 255 255 255 255 255 255 255 255 255 255 255 255 255 255 255 255 \r\n'
2022-05-30 16:36:42 b'LoraTDMATransmit start!\r\n'
2022-05-30 16:36:44 b'OpenRadioDuration start!\r\n'
2022-05-30 16:36:44 b'Before Update: 16 36 43 30 5 2022\r\n'
2022-05-30 16:36:45 b'After Update: 16 36 44 30 5 2022\r\n'
2022-05-30 16:36:45 b'Signal received!\r\n'
2022-05-30 16:36:46 b'4,16,36,44,30,5,22,2,1,0,68,0,5,6,4,2,145,163,0,0,5,6,7,8,255,145,163,255,255,255,255,5,4,2,144,163,0,0,5,6,7,8,255,144,163,255,255,255,255,255,255,255,255,255,255,255,255,255,255,255,255,255,255,255,255,255,255,255,255,255,255,255,255,255,255,255,255,255,255,255,255,255,255,255,255,255,255,255,255,255,255,255,255,255,255,255,255,255,255,255,255,255,255,255,255,255,255,255,255,255,255,255,255,255,255,\r\n'
2022-05-30 16:36:46 b'Start running... This device ID is 5, priority is 2.\r\n'
2022-05-30 16:36:46 b'Nomally transmitting... This device ID is 5. \r\n'
2022-05-30 16:36:47 b'Father device id is: 2. Son device num is: 0. Device rank is: 2. Rounds is 5. Priority is 2. Network will start at: 16 39 0 30 5 22 \r\n'
2022-05-30 16:36:47 b'Now sleep:95s. \xfd'
2022-05-30 16:38:21 b'16 38 20 30 5 2022\r\n'
2022-05-30 16:38:21 b'Now sleep:20s. \xfd'
2022-05-30 16:38:41 b'lora sending\r\n'
2022-05-30 16:38:41 b'3 16 38 40 30 5 22 5 2 2 60 2 2 5 5 2 0 0 5 6 7 8 255 255 255 255 255 255 255 255 255 255 255 255 255 255 255 255 255 255 255 255 255 255 255 255 255 255 255 255 255 255 255 255 255 255 255 255 255 255 255 255 255 255 255 255 255 255 255 255 255 255 255 255 255 255 255 255 255 255 255 255 255 255 255 255 255 255 255 255 255 255 255 255 255 255 255 255 255 255 255 255 255 255 255 255 255 255 255 255 255 255 255 255 255 \r\n'
2022-05-30 16:38:41 b'LoraTDMATransmit start!\r\n'
2022-05-30 16:38:43 b'OpenRadioDuration start!\r\n'
2022-05-30 16:38:44 b'Before Update: 16 38 43 30 5 2022\r\n'
2022-05-30 16:38:44 b'After Update: 16 38 43 30 5 2022\r\n'
2022-05-30 16:38:44 b'Signal received!\r\n'
2022-05-30 16:38:44 b'4,16,38,43,30,5,22,2,1,0,68,0,5,6,5,2,143,163,0,0,5,6,7,8,255,143,163,255,255,255,255,5,5,2,143,163,0,0,5,6,7,8,255,143,163,255,255,255,255,255,255,255,255,255,255,255,255,255,255,255,255,255,255,255,255,255,255,255,255,255,255,255,255,255,255,255,255,255,255,255,255,255,255,255,255,255,255,255,255,255,255,255,255,255,255,255,255,255,255,255,255,255,255,255,255,255,255,255,255,255,255,255,255,255,255,\r\n'
2022-05-30 16:38:45 b'Start running... This device ID is 5, priority is 2.\r\n'
2022-05-30 16:38:45 b'Nomally transmitting... This device ID is 5. \r\n'
2022-05-30 16:38:46 b'Father device id is: 2. Son device num is: 0. Device rank is: 2. Rounds is 6. Priority is 2. Network will start at: 16 41 0 30 5 22 \r\n'
2022-05-30 16:38:46 b'Now sleep:96s. \xfd'
2022-05-30 16:40:21 b'16 40 20 30 5 2022\r\n'
2022-05-30 16:40:21 b'Now sleep:20s. \xfd'
2022-05-30 16:40:41 b'lora sending\r\n'
2022-05-30 16:40:41 b'3 16 40 40 30 5 22 5 2 2 60 2 2 5 6 2 0 0 5 6 7 8 255 255 255 255 255 255 255 255 255 255 255 255 255 255 255 255 255 255 255 255 255 255 255 255 255 255 255 255 255 255 255 255 255 255 255 255 255 255 255 255 255 255 255 255 255 255 255 255 255 255 255 255 255 255 255 255 255 255 255 255 255 255 255 255 255 255 255 255 255 255 255 255 255 255 255 255 255 255 255 255 255 255 255 255 255 255 255 255 255 255 255 255 255 \r\n'
2022-05-30 16:40:41 b'LoraTDMATransmit start!\r\n'
2022-05-30 16:40:44 b'OpenRadioDuration start!\r\n'
2022-05-30 16:40:44 b'Before Update: 16 40 43 30 5 2022\r\n'
2022-05-30 16:40:44 b'After Update: 16 40 43 30 5 2022\r\n'
2022-05-30 16:40:44 b'Signal received!\r\n'
2022-05-30 16:40:45 b'4,16,40,43,30,5,22,2,1,0,68,0,5,6,6,2,145,162,0,0,5,6,7,8,255,145,162,255,255,255,255,5,6,2,144,163,0,0,5,6,7,8,255,144,163,255,255,255,255,255,255,255,255,255,255,255,255,255,255,255,255,255,255,255,255,255,255,255,255,255,255,255,255,255,255,255,255,255,255,255,255,255,255,255,255,255,255,255,255,255,255,255,255,255,255,255,255,255,255,255,255,255,255,255,255,255,255,255,255,255,255,255,255,255,255,\r\n'
2022-05-30 16:40:45 b'Start running... This device ID is 5, priority is 2.\r\n'
2022-05-30 16:40:46 b'Nomally transmitting... This device ID is 5. \r\n'
2022-05-30 16:40:46 b'Father device id is: 2. Son device num is: 0. Device rank is: 2. Rounds is 7. Priority is 2. Network will start at: 16 43 0 30 5 22 \r\n'
2022-05-30 16:40:47 b'Now sleep:96s. \xfd'
2022-05-30 16:42:21 b'16 42 20 30 5 2022\r\n'
2022-05-30 16:42:21 b'Now sleep:20s. \xfd'
2022-05-30 16:42:41 b'lora sending\r\n'
2022-05-30 16:42:42 b'3 16 42 40 30 5 22 5 2 2 60 2 2 5 7 2 0 0 5 6 7 8 255 255 255 255 255 255 255 255 255 255 255 255 255 255 255 255 255 255 255 255 255 255 255 255 255 255 255 255 255 255 255 255 255 255 255 255 255 255 255 255 255 255 255 255 255 255 255 255 255 255 255 255 255 255 255 255 255 255 255 255 255 255 255 255 255 255 255 255 255 255 255 255 255 255 255 255 255 255 255 255 255 255 255 255 255 255 255 255 255 255 255 255 255 \r\n'
2022-05-30 16:42:42 b'LoraTDMATransmit start!\r\n'
2022-05-30 16:42:44 b'OpenRadioDuration start!\r\n'
2022-05-30 16:42:44 b'Before Update: 16 42 43 30 5 2022\r\n'
2022-05-30 16:42:44 b'After Update: 16 42 43 30 5 2022\r\n'
2022-05-30 16:42:45 b'Signal received!\r\n'
2022-05-30 16:42:45 b'4,16,42,43,30,5,22,2,1,0,68,0,5,6,7,2,145,162,0,0,5,6,7,8,255,145,162,255,255,255,255,5,7,2,144,163,0,0,5,6,7,8,255,144,163,255,255,255,255,255,255,255,255,255,255,255,255,255,255,255,255,255,255,255,255,255,255,255,255,255,255,255,255,255,255,255,255,255,255,255,255,255,255,255,255,255,255,255,255,255,255,255,255,255,255,255,255,255,255,255,255,255,255,255,255,255,255,255,255,255,255,255,255,255,255,\r\n'
2022-05-30 16:42:46 b'Network will start at: 16 45 0 30 5 22 \r\n'
2022-05-30 16:42:46 b'Wait for next cycle... Time left: 136\r\n'
2022-05-30 16:42:47 b'Now sleep:136s. \xfd'
