2022-05-30 16:54:10 b'ASR is Waked,LowPower Mode Stopped\r\n'
2022-05-30 16:54:10 b'Time init success!\r\n'
2022-05-30 16:54:10 b'Now sleep:230s. \r\n'
2022-05-30 16:54:20 b'Auto LowPower Mode\r\n'
2022-05-30 16:58:00 b'Start running... This device ID is 3, priority is 0.\r\n'
2022-05-30 16:58:00 b'16 58 0 30 5 2022\r\n'
2022-05-30 16:58:00 b'\r\n'
2022-05-30 16:58:00 b'LoRaWAN CN470 Class A start!\r\n'
2022-05-30 16:58:00 b'\r\n'
2022-05-30 16:58:45 b'LoRa Init Success!\r\n'
2022-05-30 16:58:45 b'Network will start at: 17 0 0 30 5 22 \r\n'
2022-05-30 16:58:46 b'Now sleep:76s. \xfd'
2022-05-30 17:00:01 b'17 0 0 30 5 2022\r\n'
2022-05-30 17:00:01 b'Networking... This device ID is 3\r\n'
2022-05-30 17:00:01 b'OpenRadioDuration start!\r\n'
2022-05-30 17:00:02 b'Signal received!\r\n'
2022-05-30 17:00:02 b'1,17,0,1,30,5,22,2,1,0,68,0,0,255,255,255,255,255,255,255,255,255,255,255,255,255,255,255,255,255,255,255,255,255,255,255,255,255,255,255,255,255,255,255,255,255,255,255,255,255,255,255,255,255,255,255,255,255,255,255,255,255,255,255,255,255,255,255,255,255,255,255,255,255,255,255,255,255,255,255,255,255,255,255,255,255,255,255,255,255,255,255,255,255,255,255,255,255,255,255,255,255,255,255,255,255,255,255,255,255,255,255,255,255,255,\r\n'
2022-05-30 17:00:02 b'INSTRUCTION_NETWORKING signal receive success!\r\n'
2022-05-30 17:00:03 b'Signal received!\r\n'
2022-05-30 17:00:03 b'1,17,0,2,30,5,22,2,1,0,69,0,0,255,255,255,255,255,255,255,255,255,255,255,255,255,255,255,255,255,255,255,255,255,255,255,255,255,255,255,255,255,255,255,255,255,255,255,255,255,255,255,255,255,255,255,255,255,255,255,255,255,255,255,255,255,255,255,255,255,255,255,255,255,255,255,255,255,255,255,255,255,255,255,255,255,255,255,255,255,255,255,255,255,255,255,255,255,255,255,255,255,255,255,255,255,255,255,255,255,255,255,255,255,255,\r\n'
2022-05-30 17:00:06 b'SelectFatherEndDevice Start!\r\n'
2022-05-30 17:00:06 b'Calculate weight... Potential father ID is 2, weight is 143. neibornum:1, maxweightpos: 0 143\r\n'
2022-05-30 17:00:06 b'ReceivePriority start!\r\n'
2022-05-30 17:00:06 b'Send INSTRUCTION_NETWORKED_CONFIRM.\r\n'
2022-05-30 17:00:06 b'17 0 5 30 5 2022\r\n'
2022-05-30 17:00:11 b'Send INSTRUCTION_NETWORKED_CONFIRM.\r\n'
2022-05-30 17:00:11 b'17 0 11 30 5 2022\r\n'
2022-05-30 17:00:16 b'Send INSTRUCTION_NETWORKED_CONFIRM.\r\n'
2022-05-30 17:00:16 b'17 0 16 30 5 2022\r\n'
2022-05-30 17:00:21 b'ReceivePriority end!\r\n'
2022-05-30 17:00:22 b'Now sleep:0s. \r\n'
2022-05-30 17:00:22 b'LoraRandomSend start!\r\n'
2022-05-30 17:00:25 b'Now sleep:1s. \xfd'
2022-05-30 17:00:26 b'Lora networking...\r\n'
2022-05-30 17:00:27 b'AssignPriority start!\r\n'
2022-05-30 17:00:27 b'17 0 26 30 5 2022\r\n'
2022-05-30 17:00:27 b'OpenRadioDuration start!\r\n'
2022-05-30 17:00:28 b'Signal received!\r\n'
2022-05-30 17:00:28 b'1,17,0,27,30,5,22,6,2,2,64,2,0,255,255,255,255,255,255,255,255,255,255,255,255,255,255,255,255,255,255,255,255,255,255,255,255,255,255,255,255,255,255,255,255,255,255,255,255,255,255,255,255,255,255,255,255,255,255,255,255,255,255,255,255,255,255,255,255,255,255,255,255,255,255,255,255,255,255,255,255,255,255,255,255,255,255,255,255,255,255,255,255,255,255,255,255,255,255,255,255,255,255,255,255,255,255,255,255,255,255,255,255,255,255,\r\n'
2022-05-30 17:00:28 b'Signal received!\r\n'
2022-05-30 17:00:29 b'1,17,0,27,30,5,22,4,2,3,61,2,0,255,255,255,255,255,255,255,255,255,255,255,255,255,255,255,255,255,255,255,255,255,255,255,255,255,255,255,255,255,255,255,255,255,255,255,255,255,255,255,255,255,255,255,255,255,255,255,255,255,255,255,255,255,255,255,255,255,255,255,255,255,255,255,255,255,255,255,255,255,255,255,255,255,255,255,255,255,255,255,255,255,255,255,255,255,255,255,255,255,255,255,255,255,255,255,255,255,255,255,255,255,255,\r\n'
2022-05-30 17:00:29 b'Signal received!\r\n'
2022-05-30 17:00:30 b'1,17,0,28,30,5,22,5,2,1,61,2,0,255,255,255,255,255,255,255,255,255,255,255,255,255,255,255,255,255,255,255,255,255,255,255,255,255,255,255,255,255,255,255,255,255,255,255,255,255,255,255,255,255,255,255,255,255,255,255,255,255,255,255,255,255,255,255,255,255,255,255,255,255,255,255,255,255,255,255,255,255,255,255,255,255,255,255,255,255,255,255,255,255,255,255,255,255,255,255,255,255,255,255,255,255,255,255,255,255,255,255,255,255,255,\r\n'
2022-05-30 17:00:32 b'17 0 31 30 5 2022\r\n'
2022-05-30 17:00:32 b'OpenRadioDuration start!\r\n'
2022-05-30 17:00:36 b'17 0 36 30 5 2022\r\n'
2022-05-30 17:00:37 b'OpenRadioDuration start!\r\n'
2022-05-30 17:00:42 b'Nomally transmitting... This device ID is 3. \r\n'
2022-05-30 17:00:42 b'Father device id is: 2. Son device num is: 0. Device rank is: 2. Rounds is 0. Priority is 0. Network will start at: 17 2 0 30 5 22 \r\n'
2022-05-30 17:00:42 b'Now sleep:39s. \xfd'
2022-05-30 17:01:21 b'17 1 20 30 5 2022\r\n'
2022-05-30 17:01:21 b'Now sleep:20s. \xfd'
2022-05-30 17:01:41 b'lora sending\r\n'
2022-05-30 17:01:41 b'3 17 1 40 30 5 22 3 2 0 62 2 2 3 0 2 0 0 5 6 7 8 255 255 255 255 255 255 255 255 255 255 255 255 255 255 255 255 255 255 255 255 255 255 255 255 255 255 255 255 255 255 255 255 255 255 255 255 255 255 255 255 255 255 255 255 255 255 255 255 255 255 255 255 255 255 255 255 255 255 255 255 255 255 255 255 255 255 255 255 255 255 255 255 255 255 255 255 255 255 255 255 255 255 255 255 255 255 255 255 255 255 255 255 255 \r\n'
2022-05-30 17:01:58 b'OpenRadioDuration start!\r\n'
2022-05-30 17:01:59 b'OpenRadioDuration start!\r\n'
2022-05-30 17:02:00 b'Signal received!\r\n'
2022-05-30 17:02:01 b'3,17,1,59,30,5,22,1,2,0,67,2,2,1,0,2,0,0,5,6,7,8,255,255,255,255,255,255,255,255,255,255,255,255,255,255,255,255,255,255,255,255,255,255,255,255,255,255,255,255,255,255,255,255,255,255,255,255,255,255,255,255,255,255,255,255,255,255,255,255,255,255,255,255,255,255,255,255,255,255,255,255,255,255,255,255,255,255,255,255,255,255,255,255,255,255,255,255,255,255,255,255,255,255,255,255,255,255,255,255,255,255,255,255,255,\r\n'
2022-05-30 17:02:01 b'Start running... This device ID is 3, priority is 0.\r\n'
2022-05-30 17:02:01 b'Nomally transmitting... This device ID is 3. \r\n'
2022-05-30 17:02:01 b'Father device id is: 2. Son device num is: 0. Device rank is: 2. Rounds is 1. Priority is 0. Network will start at: 17 4 0 30 5 22 \r\n'
2022-05-30 17:02:02 b'Now sleep:80s. \xfd'
2022-05-30 17:03:20 b'17 3 20 30 5 2022\r\n'
2022-05-30 17:03:21 b'Now sleep:20s. \xfd'
2022-05-30 17:03:40 b'lora sending\r\n'
2022-05-30 17:03:41 b'3 17 3 40 30 5 22 3 2 0 62 2 2 3 0 2 0 0 5 6 7 8 3 1 2 0 0 5 6 7 8 255 255 255 255 255 255 255 255 255 255 255 255 255 255 255 255 255 255 255 255 255 255 255 255 255 255 255 255 255 255 255 255 255 255 255 255 255 255 255 255 255 255 255 255 255 255 255 255 255 255 255 255 255 255 255 255 255 255 255 255 255 255 255 255 255 255 255 255 255 255 255 255 255 255 255 255 255 255 255 255 255 255 255 255 \r\n'
2022-05-30 17:03:57 b'OpenRadioDuration start!\r\n'
2022-05-30 17:03:58 b'Before Update: 17 3 57 30 5 2022\r\n'
2022-05-30 17:03:58 b'After Update: 17 3 57 30 5 2022\r\n'
2022-05-30 17:03:59 b'Signal received!\r\n'
2022-05-30 17:03:59 b'4,17,3,57,30,5,22,2,1,4,68,0,3,5,1,2,150,163,5,6,7,8,6,1,2,150,162,5,6,7,8,4,1,2,150,162,5,6,7,8,1,1,2,131,163,5,6,7,8,3,0,2,145,163,5,6,7,8,3,1,2,145,163,5,6,7,8,255,255,255,255,255,255,255,255,255,255,255,255,255,255,255,255,255,255,255,255,255,255,255,255,255,255,255,255,255,255,255,255,255,255,255,255,255,255,255,255,255,255,255,255,255,255,255,255,\r\n'
2022-05-30 17:04:00 b'OpenRadioDuration start!\r\n'
2022-05-30 17:04:00 b'Start running... This device ID is 3, priority is 4.\r\n'
2022-05-30 17:04:00 b'Nomally transmitting... This device ID is 3. \r\n'
2022-05-30 17:04:01 b'Father device id is: 2. Son device num is: 0. Device rank is: 2. Rounds is 2. Priority is 4. Network will start at: 17 6 0 30 5 22 \r\n'
2022-05-30 17:04:01 b'Now sleep:82s. \xfd'
2022-05-30 17:05:21 b'17 5 20 30 5 2022\r\n'
2022-05-30 17:05:22 b'Now sleep:20s. \xfd'
2022-05-30 17:05:41 b'lora sending\r\n'
2022-05-30 17:05:42 b'3 17 5 40 30 5 22 3 2 4 62 2 2 3 2 2 0 0 5 6 7 8 255 255 255 255 255 255 255 255 255 255 255 255 255 255 255 255 255 255 255 255 255 255 255 255 255 255 255 255 255 255 255 255 255 255 255 255 255 255 255 255 255 255 255 255 255 255 255 255 255 255 255 255 255 255 255 255 255 255 255 255 255 255 255 255 255 255 255 255 255 255 255 255 255 255 255 255 255 255 255 255 255 255 255 255 255 255 255 255 255 255 255 255 255 \r\n'
2022-05-30 17:05:42 b'LoraTDMATransmit start!\r\n'
2022-05-30 17:05:48 b'OpenRadioDuration start!\r\n'
2022-05-30 17:05:48 b'Before Update: 17 5 47 30 5 2022\r\n'
2022-05-30 17:05:49 b'After Update: 17 5 48 30 5 2022\r\n'
2022-05-30 17:05:49 b'Signal received!\r\n'
2022-05-30 17:05:50 b'4,17,5,48,30,5,22,2,1,0,68,0,3,5,2,2,150,162,5,6,7,8,6,2,2,150,162,5,6,7,8,4,2,2,150,163,5,6,7,8,3,2,2,148,163,5,6,7,8,255,255,255,255,255,255,255,255,255,255,255,255,255,255,255,255,255,255,255,255,255,255,255,255,255,255,255,255,255,255,255,255,255,255,255,255,255,255,255,255,255,255,255,255,255,255,255,255,255,255,255,255,255,255,255,255,255,255,255,255,255,255,255,255,255,255,\r\n'
2022-05-30 17:05:50 b'Start running... This device ID is 3, priority is 4.\r\n'
2022-05-30 17:05:50 b'Nomally transmitting... This device ID is 3. \r\n'
2022-05-30 17:05:51 b'Father device id is: 2. Son device num is: 0. Device rank is: 2. Rounds is 3. Priority is 4. Network will start at: 17 8 0 30 5 22 \r\n'
2022-05-30 17:05:51 b'Now sleep:91s. \xfd'
2022-05-30 17:07:21 b'17 7 20 30 5 2022\r\n'
2022-05-30 17:07:21 b'Now sleep:20s. \xfd'
2022-05-30 17:07:41 b'lora sending\r\n'
2022-05-30 17:07:41 b'3 17 7 40 30 5 22 3 2 4 62 2 2 3 3 2 0 0 5 6 7 8 255 255 255 255 255 255 255 255 255 255 255 255 255 255 255 255 255 255 255 255 255 255 255 255 255 255 255 255 255 255 255 255 255 255 255 255 255 255 255 255 255 255 255 255 255 255 255 255 255 255 255 255 255 255 255 255 255 255 255 255 255 255 255 255 255 255 255 255 255 255 255 255 255 255 255 255 255 255 255 255 255 255 255 255 255 255 255 255 255 255 255 255 255 \r\n'
2022-05-30 17:07:41 b'LoraTDMATransmit start!\r\n'
2022-05-30 17:07:47 b'OpenRadioDuration start!\r\n'
2022-05-30 17:07:48 b'Before Update: 17 7 47 30 5 2022\r\n'
2022-05-30 17:07:48 b'After Update: 17 7 47 30 5 2022\r\n'
2022-05-30 17:07:48 b'Signal received!\r\n'
2022-05-30 17:07:49 b'4,17,7,47,30,5,22,2,1,0,68,0,3,5,3,2,150,163,5,6,7,8,6,3,2,150,162,5,6,7,8,4,3,2,150,162,5,6,7,8,3,3,2,149,163,5,6,7,8,255,255,255,255,255,255,255,255,255,255,255,255,255,255,255,255,255,255,255,255,255,255,255,255,255,255,255,255,255,255,255,255,255,255,255,255,255,255,255,255,255,255,255,255,255,255,255,255,255,255,255,255,255,255,255,255,255,255,255,255,255,255,255,255,255,255,\r\n'
2022-05-30 17:07:49 b'Start running... This device ID is 3, priority is 4.\r\n'
2022-05-30 17:07:50 b'Nomally transmitting... This device ID is 3. \r\n'
2022-05-30 17:07:50 b'Father device id is: 2. Son device num is: 0. Device rank is: 2. Rounds is 4. Priority is 4. Network will start at: 17 10 0 30 5 22 \r\n'
2022-05-30 17:07:50 b'Now sleep:92s. \xfd'
2022-05-30 17:09:21 b'17 9 20 30 5 2022\r\n'
2022-05-30 17:09:21 b'Now sleep:20s. \xfd'
2022-05-30 17:09:41 b'lora sending\r\n'
2022-05-30 17:09:41 b'3 17 9 40 30 5 22 3 2 4 62 2 2 3 4 2 0 0 5 6 7 8 255 255 255 255 255 255 255 255 255 255 255 255 255 255 255 255 255 255 255 255 255 255 255 255 255 255 255 255 255 255 255 255 255 255 255 255 255 255 255 255 255 255 255 255 255 255 255 255 255 255 255 255 255 255 255 255 255 255 255 255 255 255 255 255 255 255 255 255 255 255 255 255 255 255 255 255 255 255 255 255 255 255 255 255 255 255 255 255 255 255 255 255 255 \r\n'
2022-05-30 17:09:42 b'LoraTDMATransmit start!\r\n'
2022-05-30 17:09:48 b'OpenRadioDuration start!\r\n'
2022-05-30 17:09:48 b'Before Update: 17 9 47 30 5 2022\r\n'
2022-05-30 17:09:48 b'After Update: 17 9 48 30 5 2022\r\n'
2022-05-30 17:09:49 b'Signal received!\r\n'
2022-05-30 17:09:49 b'4,17,9,48,30,5,22,2,1,0,67,0,3,5,4,2,150,162,5,6,7,8,6,4,2,150,163,5,6,7,8,4,4,2,148,163,5,6,7,8,3,4,2,150,163,5,6,7,8,255,255,255,255,255,255,255,255,255,255,255,255,255,255,255,255,255,255,255,255,255,255,255,255,255,255,255,255,255,255,255,255,255,255,255,255,255,255,255,255,255,255,255,255,255,255,255,255,255,255,255,255,255,255,255,255,255,255,255,255,255,255,255,255,255,255,\r\n'
2022-05-30 17:09:50 b'Start running... This device ID is 3, priority is 4.\r\n'
2022-05-30 17:09:50 b'Nomally transmitting... This device ID is 3. \r\n'
2022-05-30 17:09:50 b'Father device id is: 2. Son device num is: 0. Device rank is: 2. Rounds is 5. Priority is 4. Network will start at: 17 12 0 30 5 22 \r\n'
2022-05-30 17:09:50 b'Now sleep:91s. \xfd'
2022-05-30 17:11:20 b'17 11 20 30 5 2022\r\n'
2022-05-30 17:11:21 b'Now sleep:20s. \xfd'
2022-05-30 17:11:40 b'lora sending\r\n'
2022-05-30 17:11:41 b'3 17 11 40 30 5 22 3 2 4 62 2 2 3 5 2 0 0 5 6 7 8 255 255 255 255 255 255 255 255 255 255 255 255 255 255 255 255 255 255 255 255 255 255 255 255 255 255 255 255 255 255 255 255 255 255 255 255 255 255 255 255 255 255 255 255 255 255 255 255 255 255 255 255 255 255 255 255 255 255 255 255 255 255 255 255 255 255 255 255 255 255 255 255 255 255 255 255 255 255 255 255 255 255 255 255 255 255 255 255 255 255 255 255 255 \r\n'
2022-05-30 17:11:41 b'LoraTDMATransmit start!\r\n'
2022-05-30 17:11:47 b'OpenRadioDuration start!\r\n'
2022-05-30 17:11:48 b'Before Update: 17 11 47 30 5 2022\r\n'
2022-05-30 17:11:48 b'After Update: 17 11 47 30 5 2022\r\n'
2022-05-30 17:11:48 b'Signal received!\r\n'
2022-05-30 17:11:49 b'4,17,11,47,30,5,22,2,1,0,67,0,3,5,5,2,150,162,5,6,7,8,6,5,2,150,163,5,6,7,8,4,5,2,147,162,5,6,7,8,3,5,2,148,163,5,6,7,8,255,255,255,255,255,255,255,255,255,255,255,255,255,255,255,255,255,255,255,255,255,255,255,255,255,255,255,255,255,255,255,255,255,255,255,255,255,255,255,255,255,255,255,255,255,255,255,255,255,255,255,255,255,255,255,255,255,255,255,255,255,255,255,255,255,255,\r\n'
2022-05-30 17:11:49 b'Start running... This device ID is 3, priority is 4.\r\n'
2022-05-30 17:11:50 b'Nomally transmitting... This device ID is 3. \r\n'
2022-05-30 17:11:50 b'Father device id is: 2. Son device num is: 0. Device rank is: 2. Rounds is 6. Priority is 4. Network will start at: 17 14 0 30 5 22 \r\n'
2022-05-30 17:11:50 b'Now sleep:92s. \xfd'
