2022-05-30 15:36:03 b'ASR is Waked,LowPower Mode Stopped\r\n'
2022-05-30 15:36:03 b'Time init success!\r\n'
2022-05-30 15:36:03 b'Now sleep:238s. \r\n'
2022-05-30 15:36:13 b'Auto LowPower Mode\r\n'
2022-05-30 15:40:01 b'Start running... This device ID is 6, priority is 0.\r\n'
2022-05-30 15:40:01 b'15 40 0 30 5 2044\r\n'
2022-05-30 15:40:01 b'\r\n'
2022-05-30 15:40:01 b'LoRaWAN CN470 Class A start!\r\n'
2022-05-30 15:40:01 b'\r\n'
2022-05-30 15:40:02 b'\r\n'
2022-05-30 15:40:02 b'lorawan receive packet with rssi -31 , snr 12\r\n'
2022-05-30 15:40:38 b'LoRaWAN Init Success!\r\n'
2022-05-30 15:40:39 b'Network will start at: 15 42 0 30 5 22 \r\n'
2022-05-30 15:40:39 b'Now sleep:83s. \xfd'
2022-05-30 15:42:01 b'15 42 0 30 5 2044\r\n'
2022-05-30 15:42:01 b'Networking... This device ID is 6\r\n'
2022-05-30 15:42:02 b'Lorawan mode, sending networking signal.\r\n'
2022-05-30 15:42:02 b'LoraRandomSend start!\r\n'
2022-05-30 15:42:05 b'Now sleep:1s. \xfd'
2022-05-30 15:42:07 b'AssignPriority start!\r\n'
2022-05-30 15:42:07 b'15 42 6 30 5 2044\r\n'
2022-05-30 15:42:07 b'OpenRadioDuration start!\r\n'
2022-05-30 15:42:08 b'Signal received!\r\n'
2022-05-30 15:42:09 b'2,15,42,7,30,5,22,3,2,0,67,5,5,255,255,255,255,255,255,255,255,255,255,255,255,255,255,255,255,255,255,255,255,255,255,255,255,255,255,255,255,255,255,255,255,255,255,255,255,255,255,255,255,255,255,255,255,255,255,255,255,255,255,255,255,255,255,255,255,255,255,255,255,255,255,255,255,255,255,255,255,255,255,255,255,255,255,255,255,255,255,255,255,255,255,255,255,255,255,255,255,255,255,255,255,255,255,255,255,255,255,255,255,255,255,\r\n'
2022-05-30 15:42:09 b'Signal received!\r\n'
2022-05-30 15:42:09 b'5,15,42,7,30,5,22,5,1,1,60,0,3,255,255,255,255,255,255,255,255,255,255,255,255,255,255,255,255,255,255,255,255,255,255,255,255,255,255,255,255,255,255,255,255,255,255,255,255,255,255,255,255,255,255,255,255,255,255,255,255,255,255,255,255,255,255,255,255,255,255,255,255,255,255,255,255,255,255,255,255,255,255,255,255,255,255,255,255,255,255,255,255,255,255,255,255,255,255,255,255,255,255,255,255,255,255,255,255,255,255,255,255,255,255,\r\n'
2022-05-30 15:42:10 b'Signal received!\r\n'
2022-05-30 15:42:10 b'2,15,42,8,30,5,22,4,2,0,62,1,1,255,255,255,255,255,255,255,255,255,255,255,255,255,255,255,255,255,255,255,255,255,255,255,255,255,255,255,255,255,255,255,255,255,255,255,255,255,255,255,255,255,255,255,255,255,255,255,255,255,255,255,255,255,255,255,255,255,255,255,255,255,255,255,255,255,255,255,255,255,255,255,255,255,255,255,255,255,255,255,255,255,255,255,255,255,255,255,255,255,255,255,255,255,255,255,255,255,255,255,255,255,255,\r\n'
2022-05-30 15:42:10 b'Signal received!\r\n'
2022-05-30 15:42:11 b'5,15,42,8,30,5,22,1,1,1,69,0,4,255,255,255,255,255,255,255,255,255,255,255,255,255,255,255,255,255,255,255,255,255,255,255,255,255,255,255,255,255,255,255,255,255,255,255,255,255,255,255,255,255,255,255,255,255,255,255,255,255,255,255,255,255,255,255,255,255,255,255,255,255,255,255,255,255,255,255,255,255,255,255,255,255,255,255,255,255,255,255,255,255,255,255,255,255,255,255,255,255,255,255,255,255,255,255,255,255,255,255,255,255,255,\r\n'
2022-05-30 15:42:12 b'15 42 11 30 5 2044\r\n'
2022-05-30 15:42:12 b'OpenRadioDuration start!\r\n'
2022-05-30 15:42:17 b'15 42 16 30 5 2044\r\n'
2022-05-30 15:42:17 b'OpenRadioDuration start!\r\n'
2022-05-30 15:42:22 b'Lorawan networking success.\r\n'
2022-05-30 15:42:22 b'Nomally transmitting... This device ID is 6. \r\n'
2022-05-30 15:42:22 b'Father device id is: 0. Son device num is: 0. Device rank is: 1. Rounds is 0. Priority is 0. Network will start at: 15 44 0 30 5 22 \r\n'
2022-05-30 15:42:23 b'Now sleep:79s. \xfd'
2022-05-30 15:43:41 b'15 43 40 30 5 2044\r\n'
2022-05-30 15:43:41 b'OpenRadioDuration start!\r\n'
2022-05-30 15:43:41 b'Signal received!\r\n'
2022-05-30 15:43:42 b'3,15,43,41,30,5,22,4,2,1,71,1,1,4,0,1,3,4,5,6,0,0,255,255,255,255,255,255,255,255,255,255,255,255,255,255,255,255,255,255,255,255,255,255,255,255,255,255,255,255,255,255,255,255,255,255,255,255,255,255,255,255,255,255,255,255,255,255,255,255,255,255,255,255,255,255,255,255,255,255,255,255,255,255,255,255,255,255,255,255,255,255,255,255,255,255,255,255,255,255,255,255,255,255,255,255,255,255,255,255,255,255,255,255,255,\r\n'
2022-05-30 15:43:42 b'Signal received!\r\n'
2022-05-30 15:43:43 b'4,15,43,41,30,5,22,1,1,0,69,0,4,4,0,1,3,4,5,6,0,13,0,0,255,255,255,255,255,0,13,255,255,255,255,255,255,255,255,255,255,255,255,255,255,255,255,255,255,255,255,255,255,255,255,255,255,255,255,255,255,255,255,255,255,255,255,255,255,255,255,255,255,255,255,255,255,255,255,255,255,255,255,255,255,255,255,255,255,255,255,255,255,255,255,255,255,255,255,255,255,255,255,255,255,255,255,255,255,255,255,255,255,255,255,\r\n'
2022-05-30 15:44:01 b'\r\n'
2022-05-30 15:44:02 b'LoRaWAN CN470 Class A start!\r\n'
2022-05-30 15:44:02 b'\r\n'
2022-05-30 15:44:02 b'lorawan sending\r\n'
2022-05-30 15:44:02 b'3 15 44 1 30 5 44 6 1 0 56 0 0 6 0 0 3 4 5 6 0 0 255 255 255 255 255 255 255 255 255 255 255 255 255 255 255 255 255 255 255 255 255 255 255 255 255 255 255 255 255 255 255 255 255 255 255 255 255 255 255 255 255 255 255 255 255 255 255 255 255 255 255 255 255 255 255 255 255 255 255 255 255 255 255 255 255 255 255 255 255 255 255 255 255 255 255 255 255 255 255 255 255 255 255 255 255 255 255 255 255 255 255 255 255 \r\n'
2022-05-30 15:44:22 b'Start running... This device ID is 6, priority is 0.\r\n'
2022-05-30 15:44:22 b'Nomally transmitting... This device ID is 6. \r\n'
2022-05-30 15:44:22 b'Father device id is: 0. Son device num is: 0. Device rank is: 1. Rounds is 1. Priority is 0. Network will start at: 15 46 0 30 5 22 \r\n'
2022-05-30 15:44:23 b'Now sleep:79s. \xfd'
2022-05-30 15:45:41 b'15 45 40 30 5 2044\r\n'
2022-05-30 15:45:41 b'OpenRadioDuration start!\r\n'
2022-05-30 15:45:41 b'Signal received!\r\n'
2022-05-30 15:45:42 b'3,15,45,41,30,5,22,3,2,1,67,5,5,3,0,5,3,4,5,6,0,0,3,1,5,3,4,5,6,0,0,255,255,255,255,255,255,255,255,255,255,255,255,255,255,255,255,255,255,255,255,255,255,255,255,255,255,255,255,255,255,255,255,255,255,255,255,255,255,255,255,255,255,255,255,255,255,255,255,255,255,255,255,255,255,255,255,255,255,255,255,255,255,255,255,255,255,255,255,255,255,255,255,255,255,255,255,255,255,255,255,255,255,255,255,\r\n'
2022-05-30 15:46:01 b'\r\n'
2022-05-30 15:46:02 b'LoRaWAN CN470 Class A start!\r\n'
2022-05-30 15:46:02 b'\r\n'
2022-05-30 15:46:02 b'lorawan sending\r\n'
2022-05-30 15:46:02 b'3 15 46 0 30 5 44 6 1 0 56 0 0 6 0 0 3 4 5 6 0 0 6 1 0 3 4 5 6 0 0 255 255 255 255 255 255 255 255 255 255 255 255 255 255 255 255 255 255 255 255 255 255 255 255 255 255 255 255 255 255 255 255 255 255 255 255 255 255 255 255 255 255 255 255 255 255 255 255 255 255 255 255 255 255 255 255 255 255 255 255 255 255 255 255 255 255 255 255 255 255 255 255 255 255 255 255 255 255 255 255 255 255 255 255 \r\n'
2022-05-30 15:46:20 b'Start running... This device ID is 6, priority is 0.\r\n'
2022-05-30 15:46:21 b'Nomally transmitting... This device ID is 6. \r\n'
2022-05-30 15:46:21 b'Father device id is: 0. Son device num is: 0. Device rank is: 1. Rounds is 2. Priority is 0. Network will start at: 15 48 0 30 5 22 \r\n'
2022-05-30 15:46:22 b'Now sleep:81s. \xfd'
2022-05-30 15:47:41 b'15 47 40 30 5 2044\r\n'
2022-05-30 15:47:42 b'OpenRadioDuration start!\r\n'
2022-05-30 15:47:42 b'Signal received!\r\n'
2022-05-30 15:47:42 b'3,15,47,40,30,5,22,4,2,1,71,1,1,4,1,1,3,4,5,6,0,0,4,2,1,3,4,5,6,0,0,255,255,255,255,255,255,255,255,255,255,255,255,255,255,255,255,255,255,255,255,255,255,255,255,255,255,255,255,255,255,255,255,255,255,255,255,255,255,255,255,255,255,255,255,255,255,255,255,255,255,255,255,255,255,255,255,255,255,255,255,255,255,255,255,255,255,255,255,255,255,255,255,255,255,255,255,255,255,255,255,255,255,255,255,\r\n'
2022-05-30 15:47:42 b'Signal received!\r\n'
2022-05-30 15:47:43 b'4,15,47,41,30,5,22,1,1,0,69,0,4,4,1,1,3,4,5,6,225,13,0,0,4,2,1,3,4,225,13,5,6,0,0,255,255,255,225,13,255,255,255,255,255,255,255,255,255,255,255,255,255,255,255,255,255,255,255,255,255,255,255,255,255,255,255,255,255,255,255,255,255,255,255,255,255,255,255,255,255,255,255,255,255,255,255,255,255,255,255,255,255,255,255,255,255,255,255,255,255,255,255,255,255,255,255,255,255,255,255,255,255,255,255,\r\n'
2022-05-30 15:47:43 b'Signal received!\r\n'
2022-05-30 15:47:44 b'3,15,47,40,30,5,22,3,2,1,67,5,5,3,2,5,3,4,5,6,0,0,255,255,255,255,255,255,255,255,255,255,255,255,255,255,255,255,255,255,255,255,255,255,255,255,255,255,255,255,255,255,255,255,255,255,255,255,255,255,255,255,255,255,255,255,255,255,255,255,255,255,255,255,255,255,255,255,255,255,255,255,255,255,255,255,255,255,255,255,255,255,255,255,255,255,255,255,255,255,255,255,255,255,255,255,255,255,255,255,255,255,255,255,255,\r\n'
2022-05-30 15:47:44 b'Signal received!\r\n'
2022-05-30 15:47:44 b'4,15,47,42,30,5,22,5,1,0,60,0,3,5,0,0,3,4,5,6,0,0,3,0,5,3,4,5,6,248,12,0,0,3,1,5,3,4,248,12,5,6,0,0,255,255,255,248,12,5,1,0,3,4,5,6,0,0,3,2,5,3,4,5,6,234,13,0,0,255,255,255,255,255,234,13,255,255,255,255,255,255,255,255,255,255,255,255,255,255,255,255,255,255,255,255,255,255,255,255,255,255,255,255,255,255,255,255,255,255,255,255,255,255,255,\r\n'
2022-05-30 15:48:02 b'\r\n'
2022-05-30 15:48:02 b'LoRaWAN CN470 Class A start!\r\n'
2022-05-30 15:48:02 b'\r\n'
2022-05-30 15:48:02 b'lorawan sending\r\n'
2022-05-30 15:48:03 b'3 15 48 1 30 5 44 6 1 0 56 0 0 6 0 0 3 4 5 6 0 0 6 1 0 3 4 5 6 0 0 6 2 0 3 4 5 6 0 0 255 255 255 255 255 255 255 255 255 255 255 255 255 255 255 255 255 255 255 255 255 255 255 255 255 255 255 255 255 255 255 255 255 255 255 255 255 255 255 255 255 255 255 255 255 255 255 255 255 255 255 255 255 255 255 255 255 255 255 255 255 255 255 255 255 255 255 255 255 255 255 255 255 255 255 \r\n'
2022-05-30 15:48:21 b'Start running... This device ID is 6, priority is 0.\r\n'
2022-05-30 15:48:22 b'Nomally transmitting... This device ID is 6. \r\n'
2022-05-30 15:48:22 b'Father device id is: 0. Son device num is: 0. Device rank is: 1. Rounds is 3. Priority is 0. Network will start at: 15 50 0 30 5 22 \r\n'
2022-05-30 15:48:23 b'Now sleep:80s. \xfd'
2022-05-30 15:49:41 b'15 49 40 30 5 2044\r\n'
2022-05-30 15:49:41 b'OpenRadioDuration start!\r\n'
2022-05-30 15:49:42 b'Signal received!\r\n'
2022-05-30 15:49:42 b'3,15,49,40,30,5,22,3,2,1,67,5,5,3,3,5,3,4,5,6,0,0,255,255,255,255,255,255,255,255,255,255,255,255,255,255,255,255,255,255,255,255,255,255,255,255,255,255,255,255,255,255,255,255,255,255,255,255,255,255,255,255,255,255,255,255,255,255,255,255,255,255,255,255,255,255,255,255,255,255,255,255,255,255,255,255,255,255,255,255,255,255,255,255,255,255,255,255,255,255,255,255,255,255,255,255,255,255,255,255,255,255,255,255,255,\r\n'
2022-05-30 15:49:42 b'Signal received!\r\n'
2022-05-30 15:49:43 b'4,15,49,41,30,5,22,5,1,0,60,0,3,5,0,0,3,4,5,6,0,0,3,0,5,3,4,5,6,248,12,0,0,3,1,5,3,4,248,12,5,6,0,0,255,255,255,248,12,5,1,0,3,4,5,6,0,0,3,2,5,3,4,5,6,234,13,0,0,255,255,255,255,255,234,13,5,2,0,3,4,5,6,0,0,3,3,5,3,4,5,6,229,12,0,0,255,255,255,255,255,229,12,255,255,255,255,255,255,255,255,255,255,255,255,\r\n'
2022-05-30 15:50:02 b'\r\n'
2022-05-30 15:50:02 b'LoRaWAN CN470 Class A start!\r\n'
2022-05-30 15:50:02 b'\r\n'
2022-05-30 15:50:02 b'lorawan sending\r\n'
2022-05-30 15:50:02 b'3 15 50 1 30 5 44 6 1 0 56 0 0 6 0 0 3 4 5 6 0 0 6 1 0 3 4 5 6 0 0 6 2 0 3 4 5 6 0 0 6 3 0 3 4 5 6 0 0 255 255 255 255 255 255 255 255 255 255 255 255 255 255 255 255 255 255 255 255 255 255 255 255 255 255 255 255 255 255 255 255 255 255 255 255 255 255 255 255 255 255 255 255 255 255 255 255 255 255 255 255 255 255 255 255 255 255 255 255 255 255 255 255 255 255 \r\n'
2022-05-30 15:50:19 b'Start running... This device ID is 6, priority is 0.\r\n'
2022-05-30 15:50:19 b'Nomally transmitting... This device ID is 6. \r\n'
2022-05-30 15:50:20 b'Father device id is: 0. Son device num is: 0. Device rank is: 1. Rounds is 4. Priority is 0. Network will start at: 15 52 0 30 5 22 \r\n'
2022-05-30 15:50:20 b'Now sleep:82s. \xfd'
2022-05-30 15:51:41 b'15 51 40 30 5 2044\r\n'
2022-05-30 15:51:41 b'OpenRadioDuration start!\r\n'
2022-05-30 15:51:42 b'Signal received!\r\n'
2022-05-30 15:51:42 b'3,15,51,40,30,5,22,3,2,1,67,5,5,3,3,5,3,4,5,6,0,0,3,4,5,3,4,5,6,0,0,255,255,255,255,255,255,255,255,255,255,255,255,255,255,255,255,255,255,255,255,255,255,255,255,255,255,255,255,255,255,255,255,255,255,255,255,255,255,255,255,255,255,255,255,255,255,255,255,255,255,255,255,255,255,255,255,255,255,255,255,255,255,255,255,255,255,255,255,255,255,255,255,255,255,255,255,255,255,255,255,255,255,255,255,\r\n'
2022-05-30 15:51:43 b'Signal received!\r\n'
2022-05-30 15:51:43 b'4,15,51,41,30,5,22,5,1,0,60,0,3,5,6,0,0,255,255,255,248,12,5,1,0,3,4,5,6,0,0,3,2,5,3,4,5,6,234,13,0,0,255,255,255,255,255,234,13,5,2,0,3,4,5,6,0,0,3,3,5,3,4,5,6,229,12,0,0,255,255,255,255,255,229,12,5,3,0,3,4,5,6,0,0,3,3,5,3,4,5,6,242,12,0,0,3,4,5,3,4,242,12,5,6,0,0,255,255,255,242,12,255,255,255,\r\n'
2022-05-30 15:52:01 b'\r\n'
2022-05-30 15:52:02 b'LoRaWAN CN470 Class A start!\r\n'
2022-05-30 15:52:02 b'\r\n'
2022-05-30 15:52:02 b'lorawan sending\r\n'
2022-05-30 15:52:02 b'3 15 52 0 30 5 44 6 1 0 56 0 0 6 0 0 3 4 5 6 0 0 6 1 0 3 4 5 6 0 0 6 2 0 3 4 5 6 0 0 6 3 0 3 4 5 6 0 0 6 4 0 3 4 5 6 0 0 255 255 255 255 255 255 255 255 255 255 255 255 255 255 255 255 255 255 255 255 255 255 255 255 255 255 255 255 255 255 255 255 255 255 255 255 255 255 255 255 255 255 255 255 255 255 255 255 255 255 255 255 255 255 255 255 255 \r\n'
2022-05-30 15:52:23 b'Start running... This device ID is 6, priority is 0.\r\n'
2022-05-30 15:52:23 b'Nomally transmitting... This device ID is 6. \r\n'
2022-05-30 15:52:24 b'Father device id is: 0. Son device num is: 0. Device rank is: 1. Rounds is 5. Priority is 0. Network will start at: 15 54 0 30 5 22 \r\n'
2022-05-30 15:52:24 b'Now sleep:78s. \xfd'
2022-05-30 15:53:41 b'15 53 40 30 5 2044\r\n'
2022-05-30 15:53:41 b'OpenRadioDuration start!\r\n'
2022-05-30 15:53:42 b'Signal received!\r\n'
2022-05-30 15:53:43 b'3,15,53,40,30,5,22,3,2,1,67,5,5,3,5,5,3,4,5,6,0,0,255,255,255,255,255,255,255,255,255,255,255,255,255,255,255,255,255,255,255,255,255,255,255,255,255,255,255,255,255,255,255,255,255,255,255,255,255,255,255,255,255,255,255,255,255,255,255,255,255,255,255,255,255,255,255,255,255,255,255,255,255,255,255,255,255,255,255,255,255,255,255,255,255,255,255,255,255,255,255,255,255,255,255,255,255,255,255,255,255,255,255,255,255,\r\n'
2022-05-30 15:53:43 b'Signal received!\r\n'
2022-05-30 15:53:43 b'4,15,53,41,30,5,22,5,1,0,60,0,3,0,0,255,255,255,255,255,234,13,5,2,0,3,4,5,6,0,0,3,3,5,3,4,5,6,229,12,0,0,255,255,255,255,255,229,12,5,3,0,3,4,5,6,0,0,3,3,5,3,4,5,6,242,12,0,0,3,4,5,3,4,242,12,5,6,0,0,255,255,255,242,12,5,4,0,3,4,5,6,0,0,3,5,5,3,4,5,6,242,13,0,0,255,255,255,255,255,242,13,255,255,255,\r\n'
2022-05-30 15:54:01 b'\r\n'
2022-05-30 15:54:01 b'LoRaWAN CN470 Class A start!\r\n'
2022-05-30 15:54:02 b'\r\n'
2022-05-30 15:54:02 b'lorawan sending\r\n'
2022-05-30 15:54:02 b'3 15 54 0 30 5 44 6 1 0 56 0 0 6 0 0 3 4 5 6 0 0 6 1 0 3 4 5 6 0 0 6 2 0 3 4 5 6 0 0 6 3 0 3 4 5 6 0 0 6 4 0 3 4 5 6 0 0 6 5 0 3 4 5 6 0 0 255 255 255 255 255 255 255 255 255 255 255 255 255 255 255 255 255 255 255 255 255 255 255 255 255 255 255 255 255 255 255 255 255 255 255 255 255 255 255 255 255 255 255 255 255 255 255 255 \r\n'
2022-05-30 15:54:23 b'Start running... This device ID is 6, priority is 0.\r\n'
2022-05-30 15:54:24 b'Nomally transmitting... This device ID is 6. \r\n'
2022-05-30 15:54:24 b'Father device id is: 0. Son device num is: 0. Device rank is: 1. Rounds is 6. Priority is 0. Network will start at: 15 56 0 30 5 22 \r\n'
2022-05-30 15:54:25 b'Now sleep:78s. \xfd'
2022-05-30 15:55:41 b'15 55 40 30 5 2044\r\n'
2022-05-30 15:55:42 b'OpenRadioDuration start!\r\n'
2022-05-30 15:55:42 b'Signal received!\r\n'
2022-05-30 15:55:43 b'3,15,55,40,30,5,22,3,2,1,67,5,5,3,6,5,3,4,5,6,0,0,255,255,255,255,255,255,255,255,255,255,255,255,255,255,255,255,255,255,255,255,255,255,255,255,255,255,255,255,255,255,255,255,255,255,255,255,255,255,255,255,255,255,255,255,255,255,255,255,255,255,255,255,255,255,255,255,255,255,255,255,255,255,255,255,255,255,255,255,255,255,255,255,255,255,255,255,255,255,255,255,255,255,255,255,255,255,255,255,255,255,255,255,255,\r\n'
2022-05-30 15:55:43 b'Signal received!\r\n'
2022-05-30 15:55:44 b'4,15,55,41,30,5,22,5,1,0,60,0,3,0,0,255,255,255,255,255,229,12,5,3,0,3,4,5,6,0,0,3,3,5,3,4,5,6,242,12,0,0,3,4,5,3,4,242,12,5,6,0,0,255,255,255,242,12,5,4,0,3,4,5,6,0,0,3,5,5,3,4,5,6,242,13,0,0,255,255,255,255,255,242,13,5,5,0,3,4,5,6,0,0,3,6,5,3,4,5,6,237,13,0,0,255,255,255,255,255,237,13,255,255,255,\r\n'
2022-05-30 15:56:02 b'\r\n'
2022-05-30 15:56:02 b'LoRaWAN CN470 Class A start!\r\n'
2022-05-30 15:56:02 b'\r\n'
2022-05-30 15:56:02 b'lorawan sending\r\n'
2022-05-30 15:56:03 b'3 15 56 1 30 5 44 6 1 0 56 0 0 6 0 0 3 4 5 6 0 0 6 1 0 3 4 5 6 0 0 6 2 0 3 4 5 6 0 0 6 3 0 3 4 5 6 0 0 6 4 0 3 4 5 6 0 0 6 5 0 3 4 5 6 0 0 6 6 0 3 4 5 6 0 0 255 255 255 255 255 255 255 255 255 255 255 255 255 255 255 255 255 255 255 255 255 255 255 255 255 255 255 255 255 255 255 255 255 255 255 255 255 255 255 \r\n'
2022-05-30 15:56:21 b'Start running... This device ID is 6, priority is 0.\r\n'
2022-05-30 15:56:21 b'Nomally transmitting... This device ID is 6. \r\n'
2022-05-30 15:56:22 b'Father device id is: 0. Son device num is: 0. Device rank is: 1. Rounds is 7. Priority is 0. Network will start at: 15 58 0 30 5 22 \r\n'
2022-05-30 15:56:22 b'Now sleep:80s. \xfd'
2022-05-30 15:57:41 b'15 57 40 30 5 2044\r\n'
2022-05-30 15:57:41 b'OpenRadioDuration start!\r\n'
2022-05-30 15:57:43 b'Signal received!\r\n'
2022-05-30 15:57:43 b'3,15,57,40,30,5,22,3,2,1,67,5,5,3,6,5,3,4,5,6,0,0,3,7,5,3,4,5,6,0,0,255,255,255,255,255,255,255,255,255,255,255,255,255,255,255,255,255,255,255,255,255,255,255,255,255,255,255,255,255,255,255,255,255,255,255,255,255,255,255,255,255,255,255,255,255,255,255,255,255,255,255,255,255,255,255,255,255,255,255,255,255,255,255,255,255,255,255,255,255,255,255,255,255,255,255,255,255,255,255,255,255,255,255,255,\r\n'
2022-05-30 15:57:43 b'Signal received!\r\n'
2022-05-30 15:57:44 b'4,15,57,42,30,5,22,5,1,0,60,0,3,5,6,0,0,255,255,255,242,12,5,4,0,3,4,5,6,0,0,3,5,5,3,4,5,6,242,13,0,0,255,255,255,255,255,242,13,5,5,0,3,4,5,6,0,0,3,6,5,3,4,5,6,237,13,0,0,255,255,255,255,255,237,13,5,6,0,3,4,5,6,0,0,3,6,5,3,4,5,6,232,12,0,0,3,7,5,3,4,232,12,5,6,0,0,255,255,255,232,12,255,255,255,\r\n'
2022-05-30 15:58:01 b'\r\n'
2022-05-30 15:58:02 b'LoRaWAN CN470 Class A start!\r\n'
2022-05-30 15:58:02 b'\r\n'
2022-05-30 15:58:02 b'lorawan sending\r\n'
2022-05-30 15:58:02 b'3 15 58 1 30 5 44 6 1 0 56 0 0 6 0 0 3 4 5 6 0 0 6 1 0 3 4 5 6 0 0 6 2 0 3 4 5 6 0 0 6 3 0 3 4 5 6 0 0 6 4 0 3 4 5 6 0 0 6 5 0 3 4 5 6 0 0 6 6 0 3 4 5 6 0 0 6 7 0 3 4 5 6 0 0 255 255 255 255 255 255 255 255 255 255 255 255 255 255 255 255 255 255 255 255 255 255 255 255 255 255 255 255 255 255 \r\n'
2022-05-30 15:58:22 b'Network will start at: 16 0 0 30 5 22 \r\n'
2022-05-30 15:58:23 b'Wait for next cycle... Time left: 99\r\n'
2022-05-30 15:58:23 b'Now sleep:99s. \xfd'
2022-05-30 16:00:01 b'Start running... This device ID is 6, priority is 0.\r\n'
2022-05-30 16:00:01 b'16 0 0 30 5 2044\r\n'
2022-05-30 16:00:01 b'\r\n'
2022-05-30 16:00:01 b'LoRaWAN CN470 Class A start!\r\n'
2022-05-30 16:00:01 b'\r\n'
2022-05-30 16:00:41 b'LoRa Init Success!\r\n'
2022-05-30 16:00:41 b'Network will start at: 16 2 0 30 5 22 \r\n'
2022-05-30 16:00:42 b'Now sleep:81s. \xfd'
2022-05-30 16:02:01 b'16 2 0 30 5 2044\r\n'
2022-05-30 16:02:01 b'Networking... This device ID is 6\r\n'
2022-05-30 16:02:02 b'OpenRadioDuration start!\r\n'
2022-05-30 16:02:02 b'Signal received!\r\n'
2022-05-30 16:02:02 b'1,16,2,1,30,5,22,1,1,0,69,0,0,255,255,255,255,255,255,255,255,255,255,255,255,255,255,255,255,255,255,255,255,255,255,255,255,255,255,255,255,255,255,255,255,255,255,255,255,255,255,255,255,255,255,255,255,255,255,255,255,255,255,255,255,255,255,255,255,255,255,255,255,255,255,255,255,255,255,255,255,255,255,255,255,255,255,255,255,255,255,255,255,255,255,255,255,255,255,255,255,255,255,255,255,255,255,255,255,255,255,255,255,255,255,\r\n'
2022-05-30 16:02:03 b'INSTRUCTION_NETWORKING signal receive success!\r\n'
2022-05-30 16:02:03 b'Signal received!\r\n'
2022-05-30 16:02:04 b'1,16,2,2,30,5,22,2,1,0,69,0,0,255,255,255,255,255,255,255,255,255,255,255,255,255,255,255,255,255,255,255,255,255,255,255,255,255,255,255,255,255,255,255,255,255,255,255,255,255,255,255,255,255,255,255,255,255,255,255,255,255,255,255,255,255,255,255,255,255,255,255,255,255,255,255,255,255,255,255,255,255,255,255,255,255,255,255,255,255,255,255,255,255,255,255,255,255,255,255,255,255,255,255,255,255,255,255,255,255,255,255,255,255,255,\r\n'
2022-05-30 16:02:04 b'INSTRUCTION_NETWORKING signal receive success!\r\n'
2022-05-30 16:02:07 b'SelectFatherEndDevice Start!\r\n'
2022-05-30 16:02:07 b'Calculate weight... Potential father ID is 1, weight is 143. Calculate weight... Potential father ID is 2, weight is 147. neibornum:2, maxweightpos: 1 147\r\n'
2022-05-30 16:02:07 b'ReceivePriority start!\r\n'
2022-05-30 16:02:07 b'Send INSTRUCTION_NETWORKED_CONFIRM.\r\n'
2022-05-30 16:02:07 b'16 2 6 30 5 2044\r\n'
2022-05-30 16:02:10 b'Signal received!\r\n'
2022-05-30 16:02:10 b'5,16,2,8,30,5,22,2,1,1,68,0,6,255,255,255,255,255,255,255,255,255,255,255,255,255,255,255,255,255,255,255,255,255,255,255,255,255,255,255,255,255,255,255,255,255,255,255,255,255,255,255,255,255,255,255,255,255,255,255,255,255,255,255,255,255,255,255,255,255,255,255,255,255,255,255,255,255,255,255,255,255,255,255,255,255,255,255,255,255,255,255,255,255,255,255,255,255,255,255,255,255,255,255,255,255,255,255,255,255,255,255,255,255,255,\r\n'
2022-05-30 16:02:12 b'ReceivePriority end!\r\n'
2022-05-30 16:02:12 b'Now sleep:15s. \xfd'
2022-05-30 16:02:27 b'LoraRandomSend start!\r\n'
2022-05-30 16:02:30 b'Now sleep:1s. \xfd'
2022-05-30 16:02:32 b'Lora networking...\r\n'
2022-05-30 16:02:32 b'AssignPriority start!\r\n'
2022-05-30 16:02:32 b'16 2 31 30 5 2044\r\n'
2022-05-30 16:02:33 b'OpenRadioDuration start!\r\n'
2022-05-30 16:02:37 b'16 2 36 30 5 2044\r\n'
2022-05-30 16:02:37 b'OpenRadioDuration start!\r\n'
2022-05-30 16:02:42 b'16 2 41 30 5 2044\r\n'
2022-05-30 16:02:42 b'OpenRadioDuration start!\r\n'
2022-05-30 16:02:47 b'Nomally transmitting... This device ID is 6. \r\n'
2022-05-30 16:02:47 b'Father device id is: 2. Son device num is: 0. Device rank is: 2. Rounds is 0. Priority is 1. Network will start at: 16 4 0 30 5 22 \r\n'
2022-05-30 16:02:48 b'Now sleep:34s. \xfd'
2022-05-30 16:03:21 b'16 3 20 30 5 2044\r\n'
2022-05-30 16:03:22 b'Now sleep:20s. \xfd'
2022-05-30 16:03:41 b'lora sending\r\n'
2022-05-30 16:03:41 b'3 16 3 40 30 5 44 6 2 1 56 2 2 6 0 0 3 4 5 6 0 0 6 1 0 3 4 5 6 0 0 6 2 0 3 4 5 6 0 0 6 3 0 3 4 5 6 0 0 6 4 0 3 4 5 6 0 0 6 5 0 3 4 5 6 0 0 6 6 0 3 4 5 6 0 0 6 7 0 3 4 5 6 0 0 6 8 2 3 4 5 6 0 0 255 255 255 255 255 255 255 255 255 255 255 255 255 255 255 255 255 255 255 255 255 \r\n'
2022-05-30 16:03:42 b'LoraTDMATransmit start!\r\n'
2022-05-30 16:03:42 b'OpenRadioDuration start!\r\n'
2022-05-30 16:03:42 b'Before Update: 16 3 41 30 5 2044\r\n'
2022-05-30 16:03:43 b'After Update: 16 3 41 30 5 2022\r\n'
2022-05-30 16:03:43 b'Signal received!\r\n'
2022-05-30 16:03:43 b'4,16,3,41,30,5,22,2,1,0,68,0,6,0,0,6,1,0,3,4,253,12,5,6,0,0,6,2,0,253,12,3,4,5,6,0,0,6,253,12,3,0,3,4,5,6,0,253,12,0,6,4,0,3,4,5,253,12,6,0,0,6,5,0,3,253,12,4,5,6,0,0,6,6,253,12,0,3,4,5,6,0,0,253,12,6,7,0,3,4,5,6,253,12,0,0,6,8,2,3,4,253,12,5,6,0,0,255,255,255,253,12,255,255,255,\r\n'
2022-05-30 16:03:44 b'Start running... This device ID is 6, priority is 1.\r\n'
2022-05-30 16:03:44 b'Nomally transmitting... This device ID is 6. \r\n'
2022-05-30 16:03:44 b'Father device id is: 2. Son device num is: 0. Device rank is: 2. Rounds is 1. Priority is 1. Network will start at: 16 6 0 30 5 22 \r\n'
2022-05-30 16:03:44 b'Now sleep:98s. \xfd'
2022-05-30 16:05:21 b'16 5 20 30 5 2022\r\n'
2022-05-30 16:05:22 b'Now sleep:20s. \xfd'
2022-05-30 16:05:41 b'lora sending\r\n'
2022-05-30 16:05:41 b'3 16 5 40 30 5 22 6 2 1 56 2 2 6 9 2 3 4 5 6 0 0 255 255 255 255 255 255 255 255 255 255 255 255 255 255 255 255 255 255 255 255 255 255 255 255 255 255 255 255 255 255 255 255 255 255 255 255 255 255 255 255 255 255 255 255 255 255 255 255 255 255 255 255 255 255 255 255 255 255 255 255 255 255 255 255 255 255 255 255 255 255 255 255 255 255 255 255 255 255 255 255 255 255 255 255 255 255 255 255 255 255 255 255 255 \r\n'
2022-05-30 16:05:42 b'LoraTDMATransmit start!\r\n'
2022-05-30 16:05:42 b'OpenRadioDuration start!\r\n'
2022-05-30 16:05:42 b'Before Update: 16 5 41 30 5 2022\r\n'
2022-05-30 16:05:43 b'After Update: 16 5 41 30 5 2022\r\n'
2022-05-30 16:05:43 b'Signal received!\r\n'
2022-05-30 16:05:44 b'4,16,5,41,30,5,22,2,1,0,68,0,6,6,9,2,3,4,5,6,0,8,0,0,255,255,255,255,255,0,8,255,255,255,255,255,255,255,255,255,255,255,255,255,255,255,255,255,255,255,255,255,255,255,255,255,255,255,255,255,255,255,255,255,255,255,255,255,255,255,255,255,255,255,255,255,255,255,255,255,255,255,255,255,255,255,255,255,255,255,255,255,255,255,255,255,255,255,255,255,255,255,255,255,255,255,255,255,255,255,255,255,255,255,255,\r\n'
2022-05-30 16:05:44 b'Start running... This device ID is 6, priority is 1.\r\n'
2022-05-30 16:05:44 b'Nomally transmitting... This device ID is 6. \r\n'
2022-05-30 16:05:44 b'Father device id is: 2. Son device num is: 0. Device rank is: 2. Rounds is 2. Priority is 1. Network will start at: 16 8 0 30 5 22 \r\n'
2022-05-30 16:05:45 b'Now sleep:98s. \xfd'
2022-05-30 16:07:22 b'16 7 20 30 5 2022\r\n'
2022-05-30 16:07:22 b'Now sleep:20s. \xfd'
2022-05-30 16:07:41 b'lora sending\r\n'
2022-05-30 16:07:42 b'3 16 7 40 30 5 22 6 2 1 56 2 2 6 10 2 3 4 5 6 0 0 255 255 255 255 255 255 255 255 255 255 255 255 255 255 255 255 255 255 255 255 255 255 255 255 255 255 255 255 255 255 255 255 255 255 255 255 255 255 255 255 255 255 255 255 255 255 255 255 255 255 255 255 255 255 255 255 255 255 255 255 255 255 255 255 255 255 255 255 255 255 255 255 255 255 255 255 255 255 255 255 255 255 255 255 255 255 255 255 255 255 255 255 255 \r\n'
2022-05-30 16:07:42 b'LoraTDMATransmit start!\r\n'
2022-05-30 16:07:42 b'OpenRadioDuration start!\r\n'
2022-05-30 16:07:44 b'Start running... This device ID is 6, priority is 1.\r\n'
2022-05-30 16:07:44 b'Nomally transmitting... This device ID is 6. \r\n'
2022-05-30 16:07:44 b'Father device id is: 2. Son device num is: 0. Device rank is: 2. Rounds is 3. Priority is 1. Network will start at: 16 10 0 30 5 22 \r\n'
2022-05-30 16:07:44 b'Now sleep:98s. \xfd'
2022-05-30 16:09:22 b'16 9 20 30 5 2022\r\n'
2022-05-30 16:09:22 b'Now sleep:20s. \xfd'
2022-05-30 16:09:42 b'lora sending\r\n'
2022-05-30 16:09:42 b'3 16 9 40 30 5 22 6 2 1 56 2 2 6 10 2 3 4 5 6 0 0 6 11 2 3 4 5 6 0 0 255 255 255 255 255 255 255 255 255 255 255 255 255 255 255 255 255 255 255 255 255 255 255 255 255 255 255 255 255 255 255 255 255 255 255 255 255 255 255 255 255 255 255 255 255 255 255 255 255 255 255 255 255 255 255 255 255 255 255 255 255 255 255 255 255 255 255 255 255 255 255 255 255 255 255 255 255 255 255 255 255 255 255 255 \r\n'
2022-05-30 16:09:42 b'LoraTDMATransmit start!\r\n'
2022-05-30 16:09:43 b'OpenRadioDuration start!\r\n'
2022-05-30 16:09:43 b'Before Update: 16 9 41 30 5 2022\r\n'
2022-05-30 16:09:43 b'After Update: 16 9 41 30 5 2022\r\n'
2022-05-30 16:09:44 b'Signal received!\r\n'
2022-05-30 16:09:44 b'4,16,9,41,30,5,22,2,1,0,68,0,6,6,10,2,3,4,5,6,252,12,0,0,6,11,2,3,4,252,12,5,6,0,0,255,255,255,252,12,255,255,255,255,255,255,255,255,255,255,255,255,255,255,255,255,255,255,255,255,255,255,255,255,255,255,255,255,255,255,255,255,255,255,255,255,255,255,255,255,255,255,255,255,255,255,255,255,255,255,255,255,255,255,255,255,255,255,255,255,255,255,255,255,255,255,255,255,255,255,255,255,255,255,255,\r\n'
2022-05-30 16:09:44 b'Start running... This device ID is 6, priority is 1.\r\n'
2022-05-30 16:09:44 b'Nomally transmitting... This device ID is 6. \r\n'
2022-05-30 16:09:45 b'Father device id is: 2. Son device num is: 0. Device rank is: 2. Rounds is 4. Priority is 1. Network will start at: 16 12 0 30 5 22 \r\n'
2022-05-30 16:09:45 b'Now sleep:98s. \xfd'
2022-05-30 16:11:22 b'16 11 20 30 5 2022\r\n'
2022-05-30 16:11:22 b'Now sleep:20s. \xfd'
2022-05-30 16:11:42 b'lora sending\r\n'
2022-05-30 16:11:42 b'3 16 11 40 30 5 22 6 2 1 56 2 2 6 12 2 3 4 5 6 0 0 255 255 255 255 255 255 255 255 255 255 255 255 255 255 255 255 255 255 255 255 255 255 255 255 255 255 255 255 255 255 255 255 255 255 255 255 255 255 255 255 255 255 255 255 255 255 255 255 255 255 255 255 255 255 255 255 255 255 255 255 255 255 255 255 255 255 255 255 255 255 255 255 255 255 255 255 255 255 255 255 255 255 255 255 255 255 255 255 255 255 255 255 255 \r\n'
2022-05-30 16:11:42 b'LoraTDMATransmit start!\r\n'
2022-05-30 16:11:43 b'OpenRadioDuration start!\r\n'
2022-05-30 16:11:43 b'Before Update: 16 11 41 30 5 2022\r\n'
2022-05-30 16:11:44 b'After Update: 16 11 42 30 5 2022\r\n'
2022-05-30 16:11:44 b'Signal received!\r\n'
2022-05-30 16:11:44 b'4,16,11,42,30,5,22,2,1,0,68,0,6,6,12,2,3,4,5,6,0,12,0,0,255,255,255,255,255,0,12,255,255,255,255,255,255,255,255,255,255,255,255,255,255,255,255,255,255,255,255,255,255,255,255,255,255,255,255,255,255,255,255,255,255,255,255,255,255,255,255,255,255,255,255,255,255,255,255,255,255,255,255,255,255,255,255,255,255,255,255,255,255,255,255,255,255,255,255,255,255,255,255,255,255,255,255,255,255,255,255,255,255,255,255,\r\n'
2022-05-30 16:11:45 b'Start running... This device ID is 6, priority is 1.\r\n'
2022-05-30 16:11:45 b'Nomally transmitting... This device ID is 6. \r\n'
2022-05-30 16:11:45 b'Father device id is: 2. Son device num is: 0. Device rank is: 2. Rounds is 5. Priority is 1. Network will start at: 16 14 0 30 5 22 \r\n'
2022-05-30 16:11:45 b'Now sleep:97s. \xfd'
2022-05-30 16:13:21 b'16 13 20 30 5 2022\r\n'
2022-05-30 16:13:22 b'Now sleep:20s. \xfd'
2022-05-30 16:13:41 b'lora sending\r\n'
2022-05-30 16:13:42 b'3 16 13 40 30 5 22 6 2 1 56 2 2 6 13 2 3 4 5 6 0 0 255 255 255 255 255 255 255 255 255 255 255 255 255 255 255 255 255 255 255 255 255 255 255 255 255 255 255 255 255 255 255 255 255 255 255 255 255 255 255 255 255 255 255 255 255 255 255 255 255 255 255 255 255 255 255 255 255 255 255 255 255 255 255 255 255 255 255 255 255 255 255 255 255 255 255 255 255 255 255 255 255 255 255 255 255 255 255 255 255 255 255 255 255 \r\n'
2022-05-30 16:13:42 b'LoraTDMATransmit start!\r\n'
2022-05-30 16:13:42 b'OpenRadioDuration start!\r\n'
2022-05-30 16:13:43 b'Signal received!\r\n'
2022-05-30 16:13:43 b'4,16,13,41,30,5,22,1,1,0,69,0,3,3,13,1,3,4,5,6,254,12,0,0,255,255,255,255,255,254,12,255,255,255,255,255,255,255,255,255,255,255,255,255,255,255,255,255,255,255,255,255,255,255,255,255,255,255,255,255,255,255,255,255,255,255,255,255,255,255,255,255,255,255,255,255,255,255,255,255,255,255,255,255,255,255,255,255,255,255,255,255,255,255,255,255,255,255,255,255,255,255,255,255,255,255,255,255,255,255,255,255,255,255,255,\r\n'
2022-05-30 16:13:43 b'Start running... This device ID is 6, priority is 1.\r\n'
2022-05-30 16:13:44 b'Nomally transmitting... This device ID is 6. \r\n'
2022-05-30 16:13:44 b'Father device id is: 2. Son device num is: 0. Device rank is: 2. Rounds is 6. Priority is 1. Network will start at: 16 16 0 30 5 22 \r\n'
2022-05-30 16:13:44 b'Now sleep:98s. \xfd'
2022-05-30 16:15:21 b'16 15 20 30 5 2022\r\n'
2022-05-30 16:15:22 b'Now sleep:20s. \xfd'
2022-05-30 16:15:41 b'lora sending\r\n'
2022-05-30 16:15:42 b'3 16 15 40 30 5 22 6 2 1 56 2 2 6 13 2 3 4 5 6 0 0 6 14 2 3 4 5 6 0 0 255 255 255 255 255 255 255 255 255 255 255 255 255 255 255 255 255 255 255 255 255 255 255 255 255 255 255 255 255 255 255 255 255 255 255 255 255 255 255 255 255 255 255 255 255 255 255 255 255 255 255 255 255 255 255 255 255 255 255 255 255 255 255 255 255 255 255 255 255 255 255 255 255 255 255 255 255 255 255 255 255 255 255 255 \r\n'
2022-05-30 16:15:42 b'LoraTDMATransmit start!\r\n'
2022-05-30 16:15:42 b'OpenRadioDuration start!\r\n'
2022-05-30 16:15:44 b'Start running... This device ID is 6, priority is 1.\r\n'
2022-05-30 16:15:44 b'Nomally transmitting... This device ID is 6. \r\n'
2022-05-30 16:15:44 b'Father device id is: 2. Son device num is: 0. Device rank is: 2. Rounds is 7. Priority is 1. Network will start at: 16 18 0 30 5 22 \r\n'
2022-05-30 16:15:44 b'Now sleep:98s. \xfd'
2022-05-30 16:17:22 b'16 17 20 30 5 2022\r\n'
2022-05-30 16:17:22 b'Now sleep:20s. \xfd'
2022-05-30 16:17:42 b'lora sending\r\n'
2022-05-30 16:17:42 b'3 16 17 40 30 5 22 6 2 1 56 2 2 6 13 2 3 4 5 6 0 0 6 14 2 3 4 5 6 0 0 6 15 2 3 4 5 6 0 0 255 255 255 255 255 255 255 255 255 255 255 255 255 255 255 255 255 255 255 255 255 255 255 255 255 255 255 255 255 255 255 255 255 255 255 255 255 255 255 255 255 255 255 255 255 255 255 255 255 255 255 255 255 255 255 255 255 255 255 255 255 255 255 255 255 255 255 255 255 255 255 255 255 255 255 \r\n'
2022-05-30 16:17:42 b'LoraTDMATransmit start!\r\n'
2022-05-30 16:17:42 b'OpenRadioDuration start!\r\n'
2022-05-30 16:17:43 b'Before Update: 16 17 41 30 5 2022\r\n'
2022-05-30 16:17:43 b'After Update: 16 17 41 30 5 2022\r\n'
2022-05-30 16:17:44 b'Signal received!\r\n'
2022-05-30 16:17:44 b'4,16,17,41,30,5,22,2,1,0,68,0,6,6,13,2,3,4,5,6,0,13,0,0,6,14,2,3,4,0,13,5,6,0,0,6,15,2,0,13,3,4,5,6,0,0,255,0,13,255,255,255,255,255,255,255,255,255,255,255,255,255,255,255,255,255,255,255,255,255,255,255,255,255,255,255,255,255,255,255,255,255,255,255,255,255,255,255,255,255,255,255,255,255,255,255,255,255,255,255,255,255,255,255,255,255,255,255,255,255,255,255,255,255,255,\r\n'
2022-05-30 16:17:44 b'Network will start at: 16 20 0 30 5 22 \r\n'
2022-05-30 16:17:44 b'Wait for next cycle... Time left: 138\r\n'
2022-05-30 16:17:45 b'Now sleep:138s. \xfd'
2022-05-30 16:20:02 b'Start running... This device ID is 6, priority is 0.\r\n'
2022-05-30 16:20:02 b'16 20 0 30 5 2022\r\n'
2022-05-30 16:20:02 b'\r\n'
2022-05-30 16:20:02 b'LoRaWAN CN470 Class A start!\r\n'
2022-05-30 16:20:02 b'\r\n'
2022-05-30 16:20:48 b'LoRa Init Success!\r\n'
2022-05-30 16:20:49 b'Network will start at: 16 22 0 30 5 22 \r\n'
2022-05-30 16:20:49 b'Now sleep:74s. \xfd'
2022-05-30 16:22:02 b'16 22 0 30 5 2022\r\n'
2022-05-30 16:22:02 b'Networking... This device ID is 6\r\n'
2022-05-30 16:22:03 b'OpenRadioDuration start!\r\n'
2022-05-30 16:22:03 b'Signal received!\r\n'
2022-05-30 16:22:03 b'1,16,22,2,30,5,22,1,1,0,69,0,0,255,255,255,255,255,255,255,255,255,255,255,255,255,255,255,255,255,255,255,255,255,255,255,255,255,255,255,255,255,255,255,255,255,255,255,255,255,255,255,255,255,255,255,255,255,255,255,255,255,255,255,255,255,255,255,255,255,255,255,255,255,255,255,255,255,255,255,255,255,255,255,255,255,255,255,255,255,255,255,255,255,255,255,255,255,255,255,255,255,255,255,255,255,255,255,255,255,255,255,255,255,255,\r\n'
2022-05-30 16:22:04 b'INSTRUCTION_NETWORKING signal receive success!\r\n'
2022-05-30 16:22:04 b'Signal received!\r\n'
2022-05-30 16:22:04 b'1,16,22,2,30,5,22,2,1,0,69,0,0,255,255,255,255,255,255,255,255,255,255,255,255,255,255,255,255,255,255,255,255,255,255,255,255,255,255,255,255,255,255,255,255,255,255,255,255,255,255,255,255,255,255,255,255,255,255,255,255,255,255,255,255,255,255,255,255,255,255,255,255,255,255,255,255,255,255,255,255,255,255,255,255,255,255,255,255,255,255,255,255,255,255,255,255,255,255,255,255,255,255,255,255,255,255,255,255,255,255,255,255,255,255,\r\n'
2022-05-30 16:22:04 b'INSTRUCTION_NETWORKING signal receive success!\r\n'
2022-05-30 16:22:07 b'SelectFatherEndDevice Start!\r\n'
2022-05-30 16:22:07 b'Calculate weight... Potential father ID is 1, weight is 144. Calculate weight... Potential father ID is 2, weight is 147. neibornum:2, maxweightpos: 1 147\r\n'
2022-05-30 16:22:07 b'ReceivePriority start!\r\n'
2022-05-30 16:22:07 b'Send INSTRUCTION_NETWORKED_CONFIRM.\r\n'
2022-05-30 16:22:08 b'16 22 5 30 5 2022\r\n'
2022-05-30 16:22:09 b'Signal received!\r\n'
2022-05-30 16:22:10 b'5,16,22,8,30,5,22,2,1,1,68,0,6,255,255,255,255,255,255,255,255,255,255,255,255,255,255,255,255,255,255,255,255,255,255,255,255,255,255,255,255,255,255,255,255,255,255,255,255,255,255,255,255,255,255,255,255,255,255,255,255,255,255,255,255,255,255,255,255,255,255,255,255,255,255,255,255,255,255,255,255,255,255,255,255,255,255,255,255,255,255,255,255,255,255,255,255,255,255,255,255,255,255,255,255,255,255,255,255,255,255,255,255,255,255,\r\n'
2022-05-30 16:22:12 b'ReceivePriority end!\r\n'
2022-05-30 16:22:13 b'Now sleep:15s. \xfd'
2022-05-30 16:22:27 b'LoraRandomSend start!\r\n'
2022-05-30 16:22:31 b'Now sleep:1s. \xfd'
2022-05-30 16:22:33 b'Lora networking...\r\n'
2022-05-30 16:22:33 b'AssignPriority start!\r\n'
2022-05-30 16:22:33 b'16 22 31 30 5 2022\r\n'
2022-05-30 16:22:33 b'OpenRadioDuration start!\r\n'
2022-05-30 16:22:38 b'16 22 36 30 5 2022\r\n'
2022-05-30 16:22:38 b'OpenRadioDuration start!\r\n'
