2022-05-30 15:36:03 b'ASR is Waked,LowPower Mode Stopped\r\n'
2022-05-30 15:36:03 b'Time init success!\r\n'
2022-05-30 15:36:03 b'Now sleep:238s. \r\n'
2022-05-30 15:36:13 b'Auto LowPower Mode\r\n'
2022-05-30 15:40:01 b'Start running... This device ID is 2, priority is 0.\r\n'
2022-05-30 15:40:01 b'15 40 0 30 5 2022\r\n'
2022-05-30 15:40:01 b'\r\n'
2022-05-30 15:40:01 b'LoRaWAN CN470 Class A start!\r\n'
2022-05-30 15:40:01 b'\r\n'
2022-05-30 15:40:02 b'\r\n'
2022-05-30 15:40:03 b'lorawan receive packet with rssi -36 , snr 11\r\n'
2022-05-30 15:40:03 b'received unconfirmed downlink: rssi = -36, snr = 11, datarate = 5\r\n'
2022-05-30 15:40:03 b'downlink recieved\r\n'
2022-05-30 15:40:15 b'\r\n'
2022-05-30 15:40:15 b'lorawan receive packet with rssi -34 , snr 13\r\n'
2022-05-30 15:40:16 b'received unconfirmed downlink: rssi = -34, snr = 13, datarate = 4\r\n'
2022-05-30 15:40:16 b'downlink recieved\r\n'
2022-05-30 15:40:16 b'LoRaWAN Init Success!\r\n'
2022-05-30 15:40:17 b'Network will start at: 15 42 0 30 5 22 \r\n'
2022-05-30 15:40:17 b'Now sleep:106s. \xfd'
2022-05-30 15:42:01 b'15 42 0 30 5 2022\r\n'
2022-05-30 15:42:01 b'Networking... This device ID is 2\r\n'
2022-05-30 15:42:02 b'Lorawan mode, sending networking signal.\r\n'
2022-05-30 15:42:02 b'LoraRandomSend start!\r\n'
2022-05-30 15:42:05 b'Now sleep:1s. \xfd'
2022-05-30 15:42:07 b'AssignPriority start!\r\n'
2022-05-30 15:42:07 b'15 42 5 30 5 2022\r\n'
2022-05-30 15:42:07 b'OpenRadioDuration start!\r\n'
2022-05-30 15:42:08 b'Signal received!\r\n'
2022-05-30 15:42:09 b'2,15,42,7,30,5,22,3,2,0,67,5,5,255,255,255,255,255,255,255,255,255,255,255,255,255,255,255,255,255,255,255,255,255,255,255,255,255,255,255,255,255,255,255,255,255,255,255,255,255,255,255,255,255,255,255,255,255,255,255,255,255,255,255,255,255,255,255,255,255,255,255,255,255,255,255,255,255,255,255,255,255,255,255,255,255,255,255,255,255,255,255,255,255,255,255,255,255,255,255,255,255,255,255,255,255,255,255,255,255,255,255,255,255,255,\r\n'
2022-05-30 15:42:09 b'Signal received!\r\n'
2022-05-30 15:42:09 b'5,15,42,7,30,5,22,5,1,1,60,0,3,255,255,255,255,255,255,255,255,255,255,255,255,255,255,255,255,255,255,255,255,255,255,255,255,255,255,255,255,255,255,255,255,255,255,255,255,255,255,255,255,255,255,255,255,255,255,255,255,255,255,255,255,255,255,255,255,255,255,255,255,255,255,255,255,255,255,255,255,255,255,255,255,255,255,255,255,255,255,255,255,255,255,255,255,255,255,255,255,255,255,255,255,255,255,255,255,255,255,255,255,255,255,\r\n'
2022-05-30 15:42:10 b'Signal received!\r\n'
2022-05-30 15:42:10 b'2,15,42,8,30,5,22,4,2,0,62,1,1,255,255,255,255,255,255,255,255,255,255,255,255,255,255,255,255,255,255,255,255,255,255,255,255,255,255,255,255,255,255,255,255,255,255,255,255,255,255,255,255,255,255,255,255,255,255,255,255,255,255,255,255,255,255,255,255,255,255,255,255,255,255,255,255,255,255,255,255,255,255,255,255,255,255,255,255,255,255,255,255,255,255,255,255,255,255,255,255,255,255,255,255,255,255,255,255,255,255,255,255,255,255,\r\n'
2022-05-30 15:42:10 b'Signal received!\r\n'
2022-05-30 15:42:11 b'5,15,42,8,30,5,22,1,1,1,69,0,4,255,255,255,255,255,255,255,255,255,255,255,255,255,255,255,255,255,255,255,255,255,255,255,255,255,255,255,255,255,255,255,255,255,255,255,255,255,255,255,255,255,255,255,255,255,255,255,255,255,255,255,255,255,255,255,255,255,255,255,255,255,255,255,255,255,255,255,255,255,255,255,255,255,255,255,255,255,255,255,255,255,255,255,255,255,255,255,255,255,255,255,255,255,255,255,255,255,255,255,255,255,255,\r\n'
2022-05-30 15:42:12 b'15 42 11 30 5 2022\r\n'
2022-05-30 15:42:12 b'OpenRadioDuration start!\r\n'
2022-05-30 15:42:17 b'15 42 16 30 5 2022\r\n'
2022-05-30 15:42:17 b'OpenRadioDuration start!\r\n'
2022-05-30 15:42:22 b'Lorawan networking success.\r\n'
2022-05-30 15:42:22 b'Nomally transmitting... This device ID is 2. \r\n'
2022-05-30 15:42:22 b'Father device id is: 0. Son device num is: 0. Device rank is: 1. Rounds is 0. Priority is 0. Network will start at: 15 44 0 30 5 22 \r\n'
2022-05-30 15:42:23 b'Now sleep:79s. \xfd'
2022-05-30 15:43:41 b'15 43 40 30 5 2022\r\n'
2022-05-30 15:43:41 b'OpenRadioDuration start!\r\n'
2022-05-30 15:43:41 b'Signal received!\r\n'
2022-05-30 15:43:42 b'3,15,43,40,30,5,22,3,2,1,67,5,5,3,0,5,3,4,5,6,0,0,255,255,255,255,255,255,255,255,255,255,255,255,255,255,255,255,255,255,255,255,255,255,255,255,255,255,255,255,255,255,255,255,255,255,255,255,255,255,255,255,255,255,255,255,255,255,255,255,255,255,255,255,255,255,255,255,255,255,255,255,255,255,255,255,255,255,255,255,255,255,255,255,255,255,255,255,255,255,255,255,255,255,255,255,255,255,255,255,255,255,255,255,255,\r\n'
2022-05-30 15:43:42 b'Signal received!\r\n'
2022-05-30 15:43:43 b'3,15,43,41,30,5,22,4,2,1,71,1,1,4,0,1,3,4,5,6,0,0,255,255,255,255,255,255,255,255,255,255,255,255,255,255,255,255,255,255,255,255,255,255,255,255,255,255,255,255,255,255,255,255,255,255,255,255,255,255,255,255,255,255,255,255,255,255,255,255,255,255,255,255,255,255,255,255,255,255,255,255,255,255,255,255,255,255,255,255,255,255,255,255,255,255,255,255,255,255,255,255,255,255,255,255,255,255,255,255,255,255,255,255,255,\r\n'
2022-05-30 15:43:43 b'Signal received!\r\n'
2022-05-30 15:43:44 b'4,15,43,41,30,5,22,1,1,0,69,0,4,4,0,1,3,4,5,6,0,13,0,0,255,255,255,255,255,0,13,255,255,255,255,255,255,255,255,255,255,255,255,255,255,255,255,255,255,255,255,255,255,255,255,255,255,255,255,255,255,255,255,255,255,255,255,255,255,255,255,255,255,255,255,255,255,255,255,255,255,255,255,255,255,255,255,255,255,255,255,255,255,255,255,255,255,255,255,255,255,255,255,255,255,255,255,255,255,255,255,255,255,255,255,\r\n'
2022-05-30 15:44:01 b'\r\n'
2022-05-30 15:44:02 b'LoRaWAN CN470 Class A start!\r\n'
2022-05-30 15:44:02 b'\r\n'
2022-05-30 15:44:02 b'lorawan sending\r\n'
2022-05-30 15:44:02 b'3 15 44 0 30 5 22 2 1 0 69 0 0 2 0 0 3 4 5 6 0 0 255 255 255 255 255 255 255 255 255 255 255 255 255 255 255 255 255 255 255 255 255 255 255 255 255 255 255 255 255 255 255 255 255 255 255 255 255 255 255 255 255 255 255 255 255 255 255 255 255 255 255 255 255 255 255 255 255 255 255 255 255 255 255 255 255 255 255 255 255 255 255 255 255 255 255 255 255 255 255 255 255 255 255 255 255 255 255 255 255 255 255 255 255 \r\n'
2022-05-30 15:44:08 b'\r\n'
2022-05-30 15:44:09 b'lorawan receive packet with rssi -28 , snr 13\r\n'
2022-05-30 15:44:09 b'received unconfirmed downlink: rssi = -28, snr = 13, datarate = 5\r\n'
2022-05-30 15:44:10 b'downlink recieved\r\n'
2022-05-30 15:44:10 b'Start running... This device ID is 2, priority is 0.\r\n'
2022-05-30 15:44:10 b'Nomally transmitting... This device ID is 2. \r\n'
2022-05-30 15:44:11 b'Father device id is: 0. Son device num is: 0. Device rank is: 1. Rounds is 1. Priority is 0. Network will start at: 15 46 0 30 5 22 \r\n'
2022-05-30 15:44:12 b'Now sleep:93s. \xfd'
2022-05-30 15:45:41 b'15 45 40 30 5 2022\r\n'
2022-05-30 15:45:41 b'OpenRadioDuration start!\r\n'
2022-05-30 15:45:41 b'Signal received!\r\n'
2022-05-30 15:45:42 b'3,15,45,41,30,5,22,3,2,1,67,5,5,3,0,5,3,4,5,6,0,0,3,1,5,3,4,5,6,0,0,255,255,255,255,255,255,255,255,255,255,255,255,255,255,255,255,255,255,255,255,255,255,255,255,255,255,255,255,255,255,255,255,255,255,255,255,255,255,255,255,255,255,255,255,255,255,255,255,255,255,255,255,255,255,255,255,255,255,255,255,255,255,255,255,255,255,255,255,255,255,255,255,255,255,255,255,255,255,255,255,255,255,255,255,\r\n'
2022-05-30 15:45:42 b'Signal received!\r\n'
2022-05-30 15:45:43 b'4,15,45,40,30,5,22,5,1,0,60,0,3,5,0,0,3,4,5,6,0,0,3,0,5,3,4,5,6,248,12,0,0,3,1,5,3,4,248,12,5,6,0,0,255,255,255,248,12,255,255,255,255,255,255,255,255,255,255,255,255,255,255,255,255,255,255,255,255,255,255,255,255,255,255,255,255,255,255,255,255,255,255,255,255,255,255,255,255,255,255,255,255,255,255,255,255,255,255,255,255,255,255,255,255,255,255,255,255,255,255,255,255,255,255,\r\n'
2022-05-30 15:46:02 b'\r\n'
2022-05-30 15:46:02 b'LoRaWAN CN470 Class A start!\r\n'
2022-05-30 15:46:02 b'\r\n'
2022-05-30 15:46:02 b'lorawan sending\r\n'
2022-05-30 15:46:02 b'3 15 46 0 30 5 22 2 1 0 69 0 0 2 1 0 3 4 5 6 0 0 255 255 255 255 255 255 255 255 255 255 255 255 255 255 255 255 255 255 255 255 255 255 255 255 255 255 255 255 255 255 255 255 255 255 255 255 255 255 255 255 255 255 255 255 255 255 255 255 255 255 255 255 255 255 255 255 255 255 255 255 255 255 255 255 255 255 255 255 255 255 255 255 255 255 255 255 255 255 255 255 255 255 255 255 255 255 255 255 255 255 255 255 255 \r\n'
2022-05-30 15:46:22 b'Start running... This device ID is 2, priority is 0.\r\n'
2022-05-30 15:46:23 b'Nomally transmitting... This device ID is 2. \r\n'
2022-05-30 15:46:23 b'Father device id is: 0. Son device num is: 0. Device rank is: 1. Rounds is 2. Priority is 0. Network will start at: 15 48 0 30 5 22 \r\n'
2022-05-30 15:46:24 b'Now sleep:79s. \xfd'
2022-05-30 15:47:41 b'15 47 40 30 5 2022\r\n'
2022-05-30 15:47:41 b'OpenRadioDuration start!\r\n'
2022-05-30 15:47:42 b'Signal received!\r\n'
2022-05-30 15:47:42 b'3,15,47,40,30,5,22,4,2,1,71,1,1,4,1,1,3,4,5,6,0,0,4,2,1,3,4,5,6,0,0,255,255,255,255,255,255,255,255,255,255,255,255,255,255,255,255,255,255,255,255,255,255,255,255,255,255,255,255,255,255,255,255,255,255,255,255,255,255,255,255,255,255,255,255,255,255,255,255,255,255,255,255,255,255,255,255,255,255,255,255,255,255,255,255,255,255,255,255,255,255,255,255,255,255,255,255,255,255,255,255,255,255,255,255,\r\n'
2022-05-30 15:47:42 b'Signal received!\r\n'
2022-05-30 15:47:43 b'4,15,47,41,30,5,22,1,1,0,69,0,4,4,1,1,3,4,5,6,225,13,0,0,4,2,1,3,4,225,13,5,6,0,0,255,255,255,225,13,255,255,255,255,255,255,255,255,255,255,255,255,255,255,255,255,255,255,255,255,255,255,255,255,255,255,255,255,255,255,255,255,255,255,255,255,255,255,255,255,255,255,255,255,255,255,255,255,255,255,255,255,255,255,255,255,255,255,255,255,255,255,255,255,255,255,255,255,255,255,255,255,255,255,255,\r\n'
2022-05-30 15:47:43 b'Signal received!\r\n'
2022-05-30 15:47:44 b'3,15,47,40,30,5,22,3,2,1,67,5,5,3,2,5,3,4,5,6,0,0,255,255,255,255,255,255,255,255,255,255,255,255,255,255,255,255,255,255,255,255,255,255,255,255,255,255,255,255,255,255,255,255,255,255,255,255,255,255,255,255,255,255,255,255,255,255,255,255,255,255,255,255,255,255,255,255,255,255,255,255,255,255,255,255,255,255,255,255,255,255,255,255,255,255,255,255,255,255,255,255,255,255,255,255,255,255,255,255,255,255,255,255,255,\r\n'
2022-05-30 15:47:44 b'Signal received!\r\n'
2022-05-30 15:47:44 b'4,15,47,42,30,5,22,5,1,0,60,0,3,5,0,0,3,4,5,6,0,0,3,0,5,3,4,5,6,248,12,0,0,3,1,5,3,4,248,12,5,6,0,0,255,255,255,248,12,5,1,0,3,4,5,6,0,0,3,2,5,3,4,5,6,234,13,0,0,255,255,255,255,255,234,13,255,255,255,255,255,255,255,255,255,255,255,255,255,255,255,255,255,255,255,255,255,255,255,255,255,255,255,255,255,255,255,255,255,255,255,255,255,255,255,\r\n'
2022-05-30 15:48:02 b'\r\n'
2022-05-30 15:48:02 b'LoRaWAN CN470 Class A start!\r\n'
2022-05-30 15:48:02 b'\r\n'
2022-05-30 15:48:02 b'lorawan sending\r\n'
2022-05-30 15:48:02 b'3 15 48 0 30 5 22 2 1 0 69 0 0 2 1 0 3 4 5 6 0 0 2 2 0 3 4 5 6 0 0 255 255 255 255 255 255 255 255 255 255 255 255 255 255 255 255 255 255 255 255 255 255 255 255 255 255 255 255 255 255 255 255 255 255 255 255 255 255 255 255 255 255 255 255 255 255 255 255 255 255 255 255 255 255 255 255 255 255 255 255 255 255 255 255 255 255 255 255 255 255 255 255 255 255 255 255 255 255 255 255 255 255 255 255 \r\n'
2022-05-30 15:48:03 b'\r\n'
2022-05-30 15:48:03 b'lorawan receive packet with rssi -29 , snr 12\r\n'
2022-05-30 15:48:04 b'received unconfirmed downlink: rssi = -29, snr = 12, datarate = 5\r\n'
2022-05-30 15:48:04 b'downlink recieved\r\n'
2022-05-30 15:48:05 b'Start running... This device ID is 2, priority is 0.\r\n'
2022-05-30 15:48:05 b'Nomally transmitting... This device ID is 2. \r\n'
2022-05-30 15:48:06 b'Father device id is: 0. Son device num is: 0. Device rank is: 1. Rounds is 3. Priority is 0. Network will start at: 15 50 0 30 5 22 \r\n'
2022-05-30 15:48:06 b'Now sleep:98s. \xfd'
2022-05-30 15:49:41 b'15 49 40 30 5 2022\r\n'
2022-05-30 15:49:41 b'OpenRadioDuration start!\r\n'
2022-05-30 15:49:42 b'Signal received!\r\n'
2022-05-30 15:49:42 b'3,15,49,40,30,5,22,3,2,1,67,5,5,3,3,5,3,4,5,6,0,0,255,255,255,255,255,255,255,255,255,255,255,255,255,255,255,255,255,255,255,255,255,255,255,255,255,255,255,255,255,255,255,255,255,255,255,255,255,255,255,255,255,255,255,255,255,255,255,255,255,255,255,255,255,255,255,255,255,255,255,255,255,255,255,255,255,255,255,255,255,255,255,255,255,255,255,255,255,255,255,255,255,255,255,255,255,255,255,255,255,255,255,255,255,\r\n'
2022-05-30 15:49:43 b'Signal received!\r\n'
2022-05-30 15:49:43 b'4,15,49,41,30,5,22,5,1,0,60,0,3,5,0,0,3,4,5,6,0,0,3,0,5,3,4,5,6,248,12,0,0,3,1,5,3,4,248,12,5,6,0,0,255,255,255,248,12,5,1,0,3,4,5,6,0,0,3,2,5,3,4,5,6,234,13,0,0,255,255,255,255,255,234,13,5,2,0,3,4,5,6,0,0,3,3,5,3,4,5,6,229,12,0,0,255,255,255,255,255,229,12,255,255,255,255,255,255,255,255,255,255,255,255,\r\n'
2022-05-30 15:50:02 b'\r\n'
2022-05-30 15:50:02 b'LoRaWAN CN470 Class A start!\r\n'
2022-05-30 15:50:02 b'\r\n'
2022-05-30 15:50:02 b'lorawan sending\r\n'
2022-05-30 15:50:02 b'3 15 50 0 30 5 22 2 1 0 69 0 0 2 3 0 3 4 5 6 0 0 255 255 255 255 255 255 255 255 255 255 255 255 255 255 255 255 255 255 255 255 255 255 255 255 255 255 255 255 255 255 255 255 255 255 255 255 255 255 255 255 255 255 255 255 255 255 255 255 255 255 255 255 255 255 255 255 255 255 255 255 255 255 255 255 255 255 255 255 255 255 255 255 255 255 255 255 255 255 255 255 255 255 255 255 255 255 255 255 255 255 255 255 255 \r\n'
2022-05-30 15:50:13 b'\r\n'
2022-05-30 15:50:13 b'lorawan receive packet with rssi -32 , snr 11\r\n'
2022-05-30 15:50:14 b'received unconfirmed downlink: rssi = -32, snr = 11, datarate = 4\r\n'
2022-05-30 15:50:14 b'downlink recieved\r\n'
2022-05-30 15:50:14 b'Start running... This device ID is 2, priority is 0.\r\n'
2022-05-30 15:50:15 b'Nomally transmitting... This device ID is 2. \r\n'
2022-05-30 15:50:15 b'Father device id is: 0. Son device num is: 0. Device rank is: 1. Rounds is 4. Priority is 0. Network will start at: 15 52 0 30 5 22 \r\n'
2022-05-30 15:50:16 b'Now sleep:89s. \xfd'
2022-05-30 15:51:41 b'15 51 40 30 5 2022\r\n'
2022-05-30 15:51:41 b'OpenRadioDuration start!\r\n'
2022-05-30 15:51:42 b'Signal received!\r\n'
2022-05-30 15:51:43 b'3,15,51,40,30,5,22,3,2,1,67,5,5,3,3,5,3,4,5,6,0,0,3,4,5,3,4,5,6,0,0,255,255,255,255,255,255,255,255,255,255,255,255,255,255,255,255,255,255,255,255,255,255,255,255,255,255,255,255,255,255,255,255,255,255,255,255,255,255,255,255,255,255,255,255,255,255,255,255,255,255,255,255,255,255,255,255,255,255,255,255,255,255,255,255,255,255,255,255,255,255,255,255,255,255,255,255,255,255,255,255,255,255,255,255,\r\n'
2022-05-30 15:51:43 b'Signal received!\r\n'
2022-05-30 15:51:43 b'4,15,51,41,30,5,22,5,1,0,60,0,3,5,6,0,0,255,255,255,248,12,5,1,0,3,4,5,6,0,0,3,2,5,3,4,5,6,234,13,0,0,255,255,255,255,255,234,13,5,2,0,3,4,5,6,0,0,3,3,5,3,4,5,6,229,12,0,0,255,255,255,255,255,229,12,5,3,0,3,4,5,6,0,0,3,3,5,3,4,5,6,242,12,0,0,3,4,5,3,4,242,12,5,6,0,0,255,255,255,242,12,255,255,255,\r\n'
2022-05-30 15:52:02 b'\r\n'
2022-05-30 15:52:02 b'LoRaWAN CN470 Class A start!\r\n'
2022-05-30 15:52:02 b'\r\n'
2022-05-30 15:52:02 b'lorawan sending\r\n'
2022-05-30 15:52:02 b'3 15 52 1 30 5 22 2 1 0 69 0 0 2 4 0 3 4 5 6 0 0 255 255 255 255 255 255 255 255 255 255 255 255 255 255 255 255 255 255 255 255 255 255 255 255 255 255 255 255 255 255 255 255 255 255 255 255 255 255 255 255 255 255 255 255 255 255 255 255 255 255 255 255 255 255 255 255 255 255 255 255 255 255 255 255 255 255 255 255 255 255 255 255 255 255 255 255 255 255 255 255 255 255 255 255 255 255 255 255 255 255 255 255 255 \r\n'
2022-05-30 15:52:14 b'\r\n'
2022-05-30 15:52:14 b'lorawan receive packet with rssi -30 , snr 12\r\n'
2022-05-30 15:52:15 b'received unconfirmed downlink: rssi = -30, snr = 12, datarate = 4\r\n'
2022-05-30 15:52:15 b'downlink recieved\r\n'
2022-05-30 15:52:15 b'Start running... This device ID is 2, priority is 0.\r\n'
2022-05-30 15:52:16 b'Nomally transmitting... This device ID is 2. \r\n'
2022-05-30 15:52:16 b'Father device id is: 0. Son device num is: 0. Device rank is: 1. Rounds is 5. Priority is 0. Network will start at: 15 54 0 30 5 22 \r\n'
2022-05-30 15:52:17 b'Now sleep:87s. \xfd'
2022-05-30 15:53:41 b'15 53 40 30 5 2022\r\n'
2022-05-30 15:53:41 b'OpenRadioDuration start!\r\n'
2022-05-30 15:53:42 b'Signal received!\r\n'
2022-05-30 15:53:43 b'3,15,53,40,30,5,22,3,2,1,67,5,5,3,5,5,3,4,5,6,0,0,255,255,255,255,255,255,255,255,255,255,255,255,255,255,255,255,255,255,255,255,255,255,255,255,255,255,255,255,255,255,255,255,255,255,255,255,255,255,255,255,255,255,255,255,255,255,255,255,255,255,255,255,255,255,255,255,255,255,255,255,255,255,255,255,255,255,255,255,255,255,255,255,255,255,255,255,255,255,255,255,255,255,255,255,255,255,255,255,255,255,255,255,255,\r\n'
2022-05-30 15:53:43 b'Signal received!\r\n'
2022-05-30 15:53:43 b'4,15,53,41,30,5,22,5,1,0,60,0,3,0,0,255,255,255,255,255,234,13,5,2,0,3,4,5,6,0,0,3,3,5,3,4,5,6,229,12,0,0,255,255,255,255,255,229,12,5,3,0,3,4,5,6,0,0,3,3,5,3,4,5,6,242,12,0,0,3,4,5,3,4,242,12,5,6,0,0,255,255,255,242,12,5,4,0,3,4,5,6,0,0,3,5,5,3,4,5,6,242,13,0,0,255,255,255,255,255,242,13,255,255,255,\r\n'
2022-05-30 15:54:01 b'\r\n'
2022-05-30 15:54:01 b'LoRaWAN CN470 Class A start!\r\n'
2022-05-30 15:54:02 b'\r\n'
2022-05-30 15:54:02 b'lorawan sending\r\n'
2022-05-30 15:54:02 b'3 15 54 0 30 5 22 2 1 0 69 0 0 2 5 0 3 4 5 6 0 0 255 255 255 255 255 255 255 255 255 255 255 255 255 255 255 255 255 255 255 255 255 255 255 255 255 255 255 255 255 255 255 255 255 255 255 255 255 255 255 255 255 255 255 255 255 255 255 255 255 255 255 255 255 255 255 255 255 255 255 255 255 255 255 255 255 255 255 255 255 255 255 255 255 255 255 255 255 255 255 255 255 255 255 255 255 255 255 255 255 255 255 255 255 \r\n'
2022-05-30 15:54:03 b'\r\n'
2022-05-30 15:54:03 b'lorawan receive packet with rssi -34 , snr 11\r\n'
2022-05-30 15:54:03 b'received unconfirmed downlink: rssi = -34, snr = 11, datarate = 5\r\n'
2022-05-30 15:54:03 b'downlink recieved\r\n'
2022-05-30 15:54:04 b'Start running... This device ID is 2, priority is 0.\r\n'
2022-05-30 15:54:04 b'Nomally transmitting... This device ID is 2. \r\n'
2022-05-30 15:54:05 b'Father device id is: 0. Son device num is: 0. Device rank is: 1. Rounds is 6. Priority is 0. Network will start at: 15 56 0 30 5 22 \r\n'
2022-05-30 15:54:05 b'Now sleep:98s. \xfd'
2022-05-30 15:55:41 b'15 55 40 30 5 2022\r\n'
2022-05-30 15:55:41 b'OpenRadioDuration start!\r\n'
2022-05-30 15:55:43 b'Signal received!\r\n'
2022-05-30 15:55:43 b'3,15,55,40,30,5,22,3,2,1,67,5,5,3,6,5,3,4,5,6,0,0,255,255,255,255,255,255,255,255,255,255,255,255,255,255,255,255,255,255,255,255,255,255,255,255,255,255,255,255,255,255,255,255,255,255,255,255,255,255,255,255,255,255,255,255,255,255,255,255,255,255,255,255,255,255,255,255,255,255,255,255,255,255,255,255,255,255,255,255,255,255,255,255,255,255,255,255,255,255,255,255,255,255,255,255,255,255,255,255,255,255,255,255,255,\r\n'
2022-05-30 15:55:44 b'Signal received!\r\n'
2022-05-30 15:55:44 b'4,15,55,41,30,5,22,5,1,0,60,0,3,0,0,255,255,255,255,255,229,12,5,3,0,3,4,5,6,0,0,3,3,5,3,4,5,6,242,12,0,0,3,4,5,3,4,242,12,5,6,0,0,255,255,255,242,12,5,4,0,3,4,5,6,0,0,3,5,5,3,4,5,6,242,13,0,0,255,255,255,255,255,242,13,5,5,0,3,4,5,6,0,0,3,6,5,3,4,5,6,237,13,0,0,255,255,255,255,255,237,13,255,255,255,\r\n'
2022-05-30 15:56:01 b'\r\n'
2022-05-30 15:56:02 b'LoRaWAN CN470 Class A start!\r\n'
2022-05-30 15:56:02 b'\r\n'
2022-05-30 15:56:02 b'lorawan sending\r\n'
2022-05-30 15:56:02 b'3 15 56 0 30 5 22 2 1 0 69 0 0 2 6 0 3 4 5 6 0 0 255 255 255 255 255 255 255 255 255 255 255 255 255 255 255 255 255 255 255 255 255 255 255 255 255 255 255 255 255 255 255 255 255 255 255 255 255 255 255 255 255 255 255 255 255 255 255 255 255 255 255 255 255 255 255 255 255 255 255 255 255 255 255 255 255 255 255 255 255 255 255 255 255 255 255 255 255 255 255 255 255 255 255 255 255 255 255 255 255 255 255 255 255 \r\n'
2022-05-30 15:56:03 b'\r\n'
2022-05-30 15:56:03 b'lorawan receive packet with rssi -37 , snr 12\r\n'
2022-05-30 15:56:04 b'received unconfirmed downlink: rssi = -37, snr = 12, datarate = 5\r\n'
2022-05-30 15:56:04 b'downlink recieved\r\n'
2022-05-30 15:56:05 b'Start running... This device ID is 2, priority is 0.\r\n'
2022-05-30 15:56:05 b'Nomally transmitting... This device ID is 2. \r\n'
2022-05-30 15:56:05 b'Father device id is: 0. Son device num is: 0. Device rank is: 1. Rounds is 7. Priority is 0. Network will start at: 15 58 0 30 5 22 \r\n'
2022-05-30 15:56:06 b'Now sleep:98s. \xfd'
2022-05-30 15:57:41 b'15 57 40 30 5 2022\r\n'
2022-05-30 15:57:42 b'OpenRadioDuration start!\r\n'
2022-05-30 15:57:43 b'Signal received!\r\n'
2022-05-30 15:57:43 b'3,15,57,40,30,5,22,3,2,1,67,5,5,3,6,5,3,4,5,6,0,0,3,7,5,3,4,5,6,0,0,255,255,255,255,255,255,255,255,255,255,255,255,255,255,255,255,255,255,255,255,255,255,255,255,255,255,255,255,255,255,255,255,255,255,255,255,255,255,255,255,255,255,255,255,255,255,255,255,255,255,255,255,255,255,255,255,255,255,255,255,255,255,255,255,255,255,255,255,255,255,255,255,255,255,255,255,255,255,255,255,255,255,255,255,\r\n'
2022-05-30 15:57:44 b'Signal received!\r\n'
2022-05-30 15:57:44 b'4,15,57,42,30,5,22,5,1,0,60,0,3,5,6,0,0,255,255,255,242,12,5,4,0,3,4,5,6,0,0,3,5,5,3,4,5,6,242,13,0,0,255,255,255,255,255,242,13,5,5,0,3,4,5,6,0,0,3,6,5,3,4,5,6,237,13,0,0,255,255,255,255,255,237,13,5,6,0,3,4,5,6,0,0,3,6,5,3,4,5,6,232,12,0,0,3,7,5,3,4,232,12,5,6,0,0,255,255,255,232,12,255,255,255,\r\n'
2022-05-30 15:58:01 b'\r\n'
2022-05-30 15:58:02 b'LoRaWAN CN470 Class A start!\r\n'
2022-05-30 15:58:02 b'\r\n'
2022-05-30 15:58:02 b'lorawan sending\r\n'
2022-05-30 15:58:02 b'3 15 58 0 30 5 22 2 1 0 69 0 0 2 7 0 3 4 5 6 0 0 255 255 255 255 255 255 255 255 255 255 255 255 255 255 255 255 255 255 255 255 255 255 255 255 255 255 255 255 255 255 255 255 255 255 255 255 255 255 255 255 255 255 255 255 255 255 255 255 255 255 255 255 255 255 255 255 255 255 255 255 255 255 255 255 255 255 255 255 255 255 255 255 255 255 255 255 255 255 255 255 255 255 255 255 255 255 255 255 255 255 255 255 255 \r\n'
2022-05-30 15:58:03 b'\r\n'
2022-05-30 15:58:03 b'lorawan receive packet with rssi -32 , snr 12\r\n'
2022-05-30 15:58:03 b'received unconfirmed downlink: rssi = -32, snr = 12, datarate = 5\r\n'
2022-05-30 15:58:04 b'downlink recieved\r\n'
2022-05-30 15:58:04 b'Network will start at: 16 0 0 30 5 22 \r\n'
2022-05-30 15:58:05 b'Wait for next cycle... Time left: 118\r\n'
2022-05-30 15:58:05 b'Now sleep:118s. \xfd'
2022-05-30 16:00:01 b'Start running... This device ID is 2, priority is 0.\r\n'
2022-05-30 16:00:01 b'16 0 0 30 5 2022\r\n'
2022-05-30 16:00:01 b'\r\n'
2022-05-30 16:00:01 b'LoRaWAN CN470 Class A start!\r\n'
2022-05-30 16:00:01 b'\r\n'
2022-05-30 16:00:13 b'\r\n'
2022-05-30 16:00:13 b'lorawan receive packet with rssi -31 , snr 13\r\n'
2022-05-30 16:00:14 b'received unconfirmed downlink: rssi = -31, snr = 13, datarate = 4\r\n'
2022-05-30 16:00:14 b'downlink recieved\r\n'
2022-05-30 16:00:26 b'\r\n'
2022-05-30 16:00:27 b'lorawan receive packet with rssi -44 , snr 10\r\n'
2022-05-30 16:00:27 b'received unconfirmed downlink: rssi = -44, snr = 10, datarate = 3\r\n'
2022-05-30 16:00:27 b'downlink recieved\r\n'
2022-05-30 16:00:28 b'LoRaWAN Init Success!\r\n'
2022-05-30 16:00:28 b'Network will start at: 16 2 0 30 5 22 \r\n'
2022-05-30 16:00:29 b'Now sleep:94s. \xfd'
2022-05-30 16:02:01 b'16 2 0 30 5 2022\r\n'
2022-05-30 16:02:01 b'Networking... This device ID is 2\r\n'
2022-05-30 16:02:01 b'Lorawan mode, sending networking signal.\r\n'
2022-05-30 16:02:02 b'LoraRandomSend start!\r\n'
2022-05-30 16:02:04 b'Now sleep:2s. \xfd'
2022-05-30 16:02:07 b'AssignPriority start!\r\n'
2022-05-30 16:02:07 b'16 2 5 30 5 2022\r\n'
2022-05-30 16:02:07 b'OpenRadioDuration start!\r\n'
2022-05-30 16:02:08 b'Signal received!\r\n'
2022-05-30 16:02:08 b'2,16,2,5,30,5,22,3,2,0,67,1,1,3,6,5,3,4,5,6,0,0,3,7,5,3,4,5,6,0,0,255,255,255,255,255,255,255,255,255,255,255,255,255,255,255,255,255,255,255,255,255,255,255,255,255,255,255,255,255,255,255,255,255,255,255,255,255,255,255,255,255,255,255,255,255,255,255,255,255,255,255,255,255,255,255,255,255,255,255,255,255,255,255,255,255,255,255,255,255,255,255,255,255,255,255,255,255,255,255,255,255,255,255,255,\r\n'
2022-05-30 16:02:09 b'Signal received!\r\n'
2022-05-30 16:02:09 b'5,16,2,7,30,5,22,1,1,1,69,0,3,255,255,255,255,255,255,255,255,255,255,255,255,255,255,255,255,255,255,255,255,255,255,255,255,255,255,255,255,255,255,255,255,255,255,255,255,255,255,255,255,255,255,255,255,255,255,255,255,255,255,255,255,255,255,255,255,255,255,255,255,255,255,255,255,255,255,255,255,255,255,255,255,255,255,255,255,255,255,255,255,255,255,255,255,255,255,255,255,255,255,255,255,255,255,255,255,255,255,255,255,255,255,\r\n'
2022-05-30 16:02:10 b'Signal received!\r\n'
2022-05-30 16:02:10 b'2,16,2,8,30,5,44,6,2,0,56,2,2,6,0,0,3,4,5,6,0,0,6,1,0,3,4,5,6,0,0,6,2,0,3,4,5,6,0,0,6,3,0,3,4,5,6,0,0,6,4,0,3,4,5,6,0,0,6,5,0,3,4,5,6,0,0,6,6,0,3,4,5,6,0,0,6,7,0,3,4,5,6,0,0,255,255,255,255,255,255,255,255,255,255,255,255,255,255,255,255,255,255,255,255,255,255,255,255,255,255,255,255,255,255,\r\n'
2022-05-30 16:02:12 b'16 2 11 30 5 2022\r\n'
2022-05-30 16:02:12 b'OpenRadioDuration start!\r\n'
2022-05-30 16:02:14 b'Signal received!\r\n'
2022-05-30 16:02:14 b'2,16,2,12,30,5,22,5,2,0,60,1,1,5,4,0,3,4,5,6,0,0,3,5,5,3,4,5,6,242,13,0,0,255,255,255,255,255,242,13,5,5,0,3,4,5,6,0,0,3,6,5,3,4,5,6,237,13,0,0,255,255,255,255,255,237,13,5,6,0,3,4,5,6,0,0,3,6,5,3,4,5,6,232,12,0,0,3,7,5,3,4,232,12,5,6,0,0,255,255,255,232,12,5,7,0,3,4,5,6,0,0,255,255,255,\r\n'
2022-05-30 16:02:14 b'Signal received!\r\n'
2022-05-30 16:02:15 b'5,16,2,13,30,5,22,1,1,2,69,0,5,255,255,255,255,255,255,255,255,255,255,255,255,255,255,255,255,255,255,255,255,255,255,255,255,255,255,255,255,255,255,255,255,255,255,255,255,255,255,255,255,255,255,255,255,255,255,255,255,255,255,255,255,255,255,255,255,255,255,255,255,255,255,255,255,255,255,255,255,255,255,255,255,255,255,255,255,255,255,255,255,255,255,255,255,255,255,255,255,255,255,255,255,255,255,255,255,255,255,255,255,255,255,\r\n'
2022-05-30 16:02:17 b'Signal received!\r\n'
2022-05-30 16:02:18 b'2,16,2,15,30,5,22,4,2,0,62,2,2,4,3,1,3,4,5,6,0,0,4,4,1,3,4,5,6,0,0,4,5,1,3,4,5,6,0,0,4,6,1,3,4,5,6,0,0,4,7,1,3,4,5,6,0,0,255,255,255,255,255,255,255,255,255,255,255,255,255,255,255,255,255,255,255,255,255,255,255,255,255,255,255,255,255,255,255,255,255,255,255,255,255,255,255,255,255,255,255,255,255,255,255,255,255,255,255,255,255,255,255,255,255,\r\n'
2022-05-30 16:02:18 b'16 2 16 30 5 2022\r\n'
2022-05-30 16:02:18 b'OpenRadioDuration start!\r\n'
2022-05-30 16:02:22 b'Lorawan networking success.\r\n'
2022-05-30 16:02:23 b'Nomally transmitting... This device ID is 2. \r\n'
2022-05-30 16:02:23 b'Father device id is: 0. Son device num is: 2. Device rank is: 1. Rounds is 0. Priority is 0. Son device 1 is 6. Son device 2 is 4. Network will start at: 16 4 0 30 5 22 \r\n'
2022-05-30 16:02:24 b'Now sleep:79s. \xfd'
2022-05-30 16:03:41 b'16 3 40 30 5 2022\r\n'
2022-05-30 16:03:41 b'OpenRadioDuration start!\r\n'
2022-05-30 16:03:42 b'Signal received!\r\n'
2022-05-30 16:03:42 b'3,16,3,41,30,5,44,6,2,1,56,2,2,6,0,0,3,4,5,6,0,0,6,1,0,3,4,5,6,0,0,6,2,0,3,4,5,6,0,0,6,3,0,3,4,5,6,0,0,6,4,0,3,4,5,6,0,0,6,5,0,3,4,5,6,0,0,6,6,0,3,4,5,6,0,0,6,7,0,3,4,5,6,0,0,6,8,2,3,4,5,6,0,0,255,255,255,255,255,255,255,255,255,255,255,255,255,255,255,255,255,255,255,255,255,\r\n'
2022-05-30 16:03:43 b'Signal received!\r\n'
2022-05-30 16:03:43 b'3,16,3,41,30,5,22,3,2,1,67,1,1,3,6,5,3,4,5,6,0,0,3,7,5,3,4,5,6,0,0,3,8,1,3,4,5,6,0,0,255,255,255,255,255,255,255,255,255,255,255,255,255,255,255,255,255,255,255,255,255,255,255,255,255,255,255,255,255,255,255,255,255,255,255,255,255,255,255,255,255,255,255,255,255,255,255,255,255,255,255,255,255,255,255,255,255,255,255,255,255,255,255,255,255,255,255,255,255,255,255,255,255,255,255,\r\n'
2022-05-30 16:03:44 b'Signal received!\r\n'
2022-05-30 16:03:44 b'4,16,3,42,30,5,22,1,1,0,69,0,3,3,6,5,3,4,5,6,253,12,0,0,3,7,5,3,4,253,12,5,6,0,0,3,8,1,253,12,3,4,5,6,0,0,255,253,12,255,255,255,255,255,255,255,255,255,255,255,255,255,255,255,255,255,255,255,255,255,255,255,255,255,255,255,255,255,255,255,255,255,255,255,255,255,255,255,255,255,255,255,255,255,255,255,255,255,255,255,255,255,255,255,255,255,255,255,255,255,255,255,255,255,255,\r\n'
2022-05-30 16:03:44 b'Signal received!\r\n'
2022-05-30 16:03:44 b'3,16,3,42,30,5,22,5,2,2,60,1,1,3,5,5,3,4,5,6,242,13,0,0,255,255,255,255,255,242,13,5,5,0,3,4,5,6,0,0,3,6,5,3,4,5,6,237,13,0,0,255,255,255,255,255,237,13,5,6,0,3,4,5,6,0,0,3,6,5,3,4,5,6,232,12,0,0,3,7,5,3,4,232,12,5,6,0,0,255,255,255,232,12,5,7,0,3,4,5,6,0,0,5,8,1,3,4,5,6,0,0,255,255,255,\r\n'
2022-05-30 16:03:45 b'Signal received!\r\n'
2022-05-30 16:03:45 b'4,16,3,43,30,5,22,1,1,0,69,0,5,3,6,5,3,4,5,6,253,12,0,0,3,7,5,3,4,253,12,5,6,0,0,3,8,1,253,12,3,4,5,6,0,0,255,253,12,3,5,5,3,4,5,6,230,12,242,13,0,0,255,255,255,230,12,255,255,255,255,255,255,255,255,255,255,255,255,255,255,255,255,255,255,255,255,255,255,255,255,255,255,255,255,255,255,255,255,255,255,255,255,255,255,255,255,255,255,255,255,255,255,255,255,\r\n'
2022-05-30 16:03:45 b'Signal received!\r\n'
2022-05-30 16:03:46 b'3,16,3,43,30,5,22,4,2,2,71,2,2,4,3,1,3,4,5,6,0,0,4,4,1,3,4,5,6,0,0,4,5,1,3,4,5,6,0,0,4,6,1,3,4,5,6,0,0,4,7,1,3,4,5,6,0,0,4,8,2,3,4,5,6,0,0,255,255,255,255,255,255,255,255,255,255,255,255,255,255,255,255,255,255,255,255,255,255,255,255,255,255,255,255,255,255,255,255,255,255,255,255,255,255,255,255,255,255,255,255,255,255,255,255,\r\n'
2022-05-30 16:04:02 b'\r\n'
2022-05-30 16:04:03 b'LoRaWAN CN470 Class A start!\r\n'
2022-05-30 16:04:03 b'\r\n'
2022-05-30 16:04:04 b'lorawan sending\r\n'
2022-05-30 16:04:04 b'3 16 4 1 30 5 22 2 1 0 69 0 0 0 0 6 8 2 3 4 253 12 5 6 0 0 255 255 255 253 12 4 3 1 3 4 5 6 239 12 0 0 4 4 1 3 4 239 12 5 6 0 0 4 5 1 239 12 3 4 5 6 0 0 4 239 12 6 1 3 4 5 6 0 239 12 0 4 7 1 3 4 5 239 12 6 0 0 4 8 2 3 239 12 4 5 6 0 0 255 255 239 12 2 8 0 3 4 5 6 0 0 255 255 255 \r\n'
2022-05-30 16:04:04 b'\r\n'
2022-05-30 16:04:05 b'lorawan receive packet with rssi -26 , snr 12\r\n'
2022-05-30 16:04:05 b'received unconfirmed downlink: rssi = -26, snr = 12, datarate = 5\r\n'
2022-05-30 16:04:06 b'downlink recieved\r\n'
2022-05-30 16:04:06 b'Start running... This device ID is 2, priority is 0.\r\n'
2022-05-30 16:04:07 b'Nomally transmitting... This device ID is 2. \r\n'
2022-05-30 16:04:07 b'Father device id is: 0. Son device num is: 2. Device rank is: 1. Rounds is 1. Priority is 0. Son device 1 is 6. Son device 2 is 4. Network will start at: 16 6 0 30 5 22 \r\n'
2022-05-30 16:04:08 b'Now sleep:97s. \xfd'
2022-05-30 16:05:41 b'16 5 40 30 5 2022\r\n'
2022-05-30 16:05:41 b'OpenRadioDuration start!\r\n'
2022-05-30 16:05:42 b'Signal received!\r\n'
2022-05-30 16:05:42 b'3,16,5,40,30,5,22,6,2,1,56,2,2,6,9,2,3,4,5,6,0,0,255,255,255,255,255,255,255,255,255,255,255,255,255,255,255,255,255,255,255,255,255,255,255,255,255,255,255,255,255,255,255,255,255,255,255,255,255,255,255,255,255,255,255,255,255,255,255,255,255,255,255,255,255,255,255,255,255,255,255,255,255,255,255,255,255,255,255,255,255,255,255,255,255,255,255,255,255,255,255,255,255,255,255,255,255,255,255,255,255,255,255,255,255,\r\n'
2022-05-30 16:05:44 b'Signal received!\r\n'
2022-05-30 16:05:44 b'3,16,5,42,30,5,22,5,2,2,60,1,1,5,9,1,3,4,5,6,0,0,255,255,255,255,255,255,255,255,255,255,255,255,255,255,255,255,255,255,255,255,255,255,255,255,255,255,255,255,255,255,255,255,255,255,255,255,255,255,255,255,255,255,255,255,255,255,255,255,255,255,255,255,255,255,255,255,255,255,255,255,255,255,255,255,255,255,255,255,255,255,255,255,255,255,255,255,255,255,255,255,255,255,255,255,255,255,255,255,255,255,255,255,255,\r\n'
2022-05-30 16:05:44 b'Signal received!\r\n'
2022-05-30 16:05:45 b'4,16,5,44,30,5,22,1,1,0,69,0,5,5,9,1,3,4,5,6,230,12,0,0,255,255,255,255,255,230,12,255,255,255,255,255,255,255,255,255,255,255,255,255,255,255,255,255,255,255,255,255,255,255,255,255,255,255,255,255,255,255,255,255,255,255,255,255,255,255,255,255,255,255,255,255,255,255,255,255,255,255,255,255,255,255,255,255,255,255,255,255,255,255,255,255,255,255,255,255,255,255,255,255,255,255,255,255,255,255,255,255,255,255,255,\r\n'
2022-05-30 16:05:45 b'Signal received!\r\n'
2022-05-30 16:05:46 b'3,16,5,42,30,5,22,4,2,2,71,2,2,4,9,2,3,4,5,6,0,0,255,255,255,255,255,255,255,255,255,255,255,255,255,255,255,255,255,255,255,255,255,255,255,255,255,255,255,255,255,255,255,255,255,255,255,255,255,255,255,255,255,255,255,255,255,255,255,255,255,255,255,255,255,255,255,255,255,255,255,255,255,255,255,255,255,255,255,255,255,255,255,255,255,255,255,255,255,255,255,255,255,255,255,255,255,255,255,255,255,255,255,255,255,\r\n'
2022-05-30 16:06:02 b'\r\n'
2022-05-30 16:06:02 b'LoRaWAN CN470 Class A start!\r\n'
2022-05-30 16:06:03 b'\r\n'
2022-05-30 16:06:03 b'lorawan sending\r\n'
2022-05-30 16:06:04 b'3 16 6 1 30 5 22 2 1 0 69 0 0 6 9 2 3 4 5 6 0 8 0 0 255 255 255 255 255 0 8 4 9 2 3 4 5 6 242 13 0 0 255 255 255 255 255 242 13 2 9 0 3 4 5 6 0 0 255 255 255 255 255 255 255 255 255 255 255 255 255 255 255 255 255 255 255 255 255 255 255 255 255 255 255 255 255 255 255 255 255 255 255 255 255 255 255 255 255 255 255 255 255 255 255 255 255 255 255 255 255 255 255 255 255 \r\n'
2022-05-30 16:06:08 b'\r\n'
2022-05-30 16:06:09 b'lorawan receive packet with rssi -41 , snr 13\r\n'
2022-05-30 16:06:09 b'received unconfirmed downlink: rssi = -41, snr = 13, datarate = 5\r\n'
2022-05-30 16:06:10 b'downlink recieved\r\n'
2022-05-30 16:06:10 b'Start running... This device ID is 2, priority is 0.\r\n'
2022-05-30 16:06:11 b'Nomally transmitting... This device ID is 2. \r\n'
2022-05-30 16:06:11 b'Father device id is: 0. Son device num is: 2. Device rank is: 1. Rounds is 2. Priority is 0. Son device 1 is 6. Son device 2 is 4. Network will start at: 16 8 0 30 5 22 \r\n'
2022-05-30 16:06:12 b'Now sleep:93s. \xfd'
2022-05-30 16:07:42 b'16 7 40 30 5 2022\r\n'
2022-05-30 16:07:42 b'OpenRadioDuration start!\r\n'
2022-05-30 16:07:43 b'Signal received!\r\n'
2022-05-30 16:07:43 b'4,16,7,42,30,5,22,1,1,0,69,0,3,3,9,1,3,4,5,6,253,11,0,0,3,10,1,3,4,253,11,5,6,0,0,255,255,255,253,11,255,255,255,255,255,255,255,255,255,255,255,255,255,255,255,255,255,255,255,255,255,255,255,255,255,255,255,255,255,255,255,255,255,255,255,255,255,255,255,255,255,255,255,255,255,255,255,255,255,255,255,255,255,255,255,255,255,255,255,255,255,255,255,255,255,255,255,255,255,255,255,255,255,255,255,\r\n'
2022-05-30 16:07:44 b'Signal received!\r\n'
2022-05-30 16:07:44 b'3,16,7,42,30,5,22,5,2,2,60,1,1,5,10,1,3,4,5,6,0,0,255,255,255,255,255,255,255,255,255,255,255,255,255,255,255,255,255,255,255,255,255,255,255,255,255,255,255,255,255,255,255,255,255,255,255,255,255,255,255,255,255,255,255,255,255,255,255,255,255,255,255,255,255,255,255,255,255,255,255,255,255,255,255,255,255,255,255,255,255,255,255,255,255,255,255,255,255,255,255,255,255,255,255,255,255,255,255,255,255,255,255,255,255,\r\n'
2022-05-30 16:07:44 b'Signal received!\r\n'
2022-05-30 16:07:44 b'4,16,7,43,30,5,22,1,1,0,69,0,5,3,9,1,3,4,5,6,253,11,0,0,3,10,1,3,4,253,11,5,6,0,0,255,255,255,253,11,5,10,1,3,4,5,6,225,12,0,0,255,255,255,255,255,225,12,255,255,255,255,255,255,255,255,255,255,255,255,255,255,255,255,255,255,255,255,255,255,255,255,255,255,255,255,255,255,255,255,255,255,255,255,255,255,255,255,255,255,255,255,255,255,255,255,255,255,255,255,255,255,255,255,255,\r\n'
2022-05-30 16:07:45 b'Signal received!\r\n'
2022-05-30 16:07:45 b'3,16,7,42,30,5,22,4,2,2,71,2,2,4,10,2,3,4,5,6,0,0,255,255,255,255,255,255,255,255,255,255,255,255,255,255,255,255,255,255,255,255,255,255,255,255,255,255,255,255,255,255,255,255,255,255,255,255,255,255,255,255,255,255,255,255,255,255,255,255,255,255,255,255,255,255,255,255,255,255,255,255,255,255,255,255,255,255,255,255,255,255,255,255,255,255,255,255,255,255,255,255,255,255,255,255,255,255,255,255,255,255,255,255,255,\r\n'
2022-05-30 16:08:02 b'\r\n'
2022-05-30 16:08:03 b'LoRaWAN CN470 Class A start!\r\n'
2022-05-30 16:08:03 b'\r\n'
2022-05-30 16:08:04 b'lorawan sending\r\n'
2022-05-30 16:08:04 b'3 16 8 1 30 5 22 2 1 0 69 0 0 4 10 2 3 4 5 6 239 12 0 0 255 255 255 255 255 239 12 2 10 0 3 4 5 6 0 0 255 255 255 255 255 255 255 255 255 255 255 255 255 255 255 255 255 255 255 255 255 255 255 255 255 255 255 255 255 255 255 255 255 255 255 255 255 255 255 255 255 255 255 255 255 255 255 255 255 255 255 255 255 255 255 255 255 255 255 255 255 255 255 255 255 255 255 255 255 255 255 255 255 255 255 \r\n'
2022-05-30 16:08:05 b'\r\n'
2022-05-30 16:08:05 b'lorawan receive packet with rssi -37 , snr 11\r\n'
2022-05-30 16:08:05 b'received unconfirmed downlink: rssi = -37, snr = 11, datarate = 5\r\n'
2022-05-30 16:08:06 b'downlink recieved\r\n'
2022-05-30 16:08:06 b'Start running... This device ID is 2, priority is 0.\r\n'
2022-05-30 16:08:07 b'Nomally transmitting... This device ID is 2. \r\n'
2022-05-30 16:08:07 b'Father device id is: 0. Son device num is: 2. Device rank is: 1. Rounds is 3. Priority is 0. Son device 1 is 6. Son device 2 is 4. Network will start at: 16 10 0 30 5 22 \r\n'
2022-05-30 16:08:08 b'Now sleep:97s. \xfd'
2022-05-30 16:09:41 b'16 9 40 30 5 2022\r\n'
2022-05-30 16:09:41 b'OpenRadioDuration start!\r\n'
2022-05-30 16:09:42 b'Signal received!\r\n'
2022-05-30 16:09:42 b'3,16,9,40,30,5,22,3,2,1,67,1,1,3,11,1,3,4,5,6,0,0,255,255,255,255,255,255,255,255,255,255,255,255,255,255,255,255,255,255,255,255,255,255,255,255,255,255,255,255,255,255,255,255,255,255,255,255,255,255,255,255,255,255,255,255,255,255,255,255,255,255,255,255,255,255,255,255,255,255,255,255,255,255,255,255,255,255,255,255,255,255,255,255,255,255,255,255,255,255,255,255,255,255,255,255,255,255,255,255,255,255,255,255,255,\r\n'
2022-05-30 16:09:42 b'Signal received!\r\n'
2022-05-30 16:09:43 b'4,16,9,41,30,5,22,1,1,0,69,0,3,3,11,1,3,4,5,6,253,12,0,0,255,255,255,255,255,253,12,255,255,255,255,255,255,255,255,255,255,255,255,255,255,255,255,255,255,255,255,255,255,255,255,255,255,255,255,255,255,255,255,255,255,255,255,255,255,255,255,255,255,255,255,255,255,255,255,255,255,255,255,255,255,255,255,255,255,255,255,255,255,255,255,255,255,255,255,255,255,255,255,255,255,255,255,255,255,255,255,255,255,255,255,\r\n'
2022-05-30 16:09:43 b'Signal received!\r\n'
2022-05-30 16:09:43 b'3,16,9,40,30,5,22,6,2,1,56,2,2,6,10,2,3,4,5,6,0,0,6,11,2,3,4,5,6,0,0,255,255,255,255,255,255,255,255,255,255,255,255,255,255,255,255,255,255,255,255,255,255,255,255,255,255,255,255,255,255,255,255,255,255,255,255,255,255,255,255,255,255,255,255,255,255,255,255,255,255,255,255,255,255,255,255,255,255,255,255,255,255,255,255,255,255,255,255,255,255,255,255,255,255,255,255,255,255,255,255,255,255,255,255,\r\n'
2022-05-30 16:09:44 b'Signal received!\r\n'
2022-05-30 16:09:44 b'3,16,9,42,30,5,22,5,2,2,60,1,1,5,11,1,3,4,5,6,0,0,255,255,255,255,255,255,255,255,255,255,255,255,255,255,255,255,255,255,255,255,255,255,255,255,255,255,255,255,255,255,255,255,255,255,255,255,255,255,255,255,255,255,255,255,255,255,255,255,255,255,255,255,255,255,255,255,255,255,255,255,255,255,255,255,255,255,255,255,255,255,255,255,255,255,255,255,255,255,255,255,255,255,255,255,255,255,255,255,255,255,255,255,255,\r\n'
2022-05-30 16:09:44 b'Signal received!\r\n'
2022-05-30 16:09:44 b'4,16,9,43,30,5,22,1,1,0,69,0,5,3,11,1,3,4,5,6,253,12,0,0,255,255,255,255,255,253,12,5,11,1,3,4,5,6,234,13,0,0,255,255,255,255,255,234,13,255,255,255,255,255,255,255,255,255,255,255,255,255,255,255,255,255,255,255,255,255,255,255,255,255,255,255,255,255,255,255,255,255,255,255,255,255,255,255,255,255,255,255,255,255,255,255,255,255,255,255,255,255,255,255,255,255,255,255,255,255,255,255,255,255,255,\r\n'
2022-05-30 16:09:45 b'Signal received!\r\n'
2022-05-30 16:09:45 b'3,16,9,42,30,5,22,4,2,2,71,2,2,4,11,2,3,4,5,6,0,0,255,255,255,255,255,255,255,255,255,255,255,255,255,255,255,255,255,255,255,255,255,255,255,255,255,255,255,255,255,255,255,255,255,255,255,255,255,255,255,255,255,255,255,255,255,255,255,255,255,255,255,255,255,255,255,255,255,255,255,255,255,255,255,255,255,255,255,255,255,255,255,255,255,255,255,255,255,255,255,255,255,255,255,255,255,255,255,255,255,255,255,255,255,\r\n'
2022-05-30 16:10:02 b'\r\n'
2022-05-30 16:10:03 b'LoRaWAN CN470 Class A start!\r\n'
2022-05-30 16:10:03 b'\r\n'
2022-05-30 16:10:03 b'lorawan sending\r\n'
2022-05-30 16:10:04 b'3 16 10 1 30 5 22 2 1 0 69 0 0 6 10 2 3 4 5 6 252 12 0 0 6 11 2 3 4 252 12 5 6 0 0 255 255 255 252 12 4 11 2 3 4 5 6 241 13 0 0 255 255 255 255 255 241 13 2 11 0 3 4 5 6 0 0 255 255 255 255 255 255 255 255 255 255 255 255 255 255 255 255 255 255 255 255 255 255 255 255 255 255 255 255 255 255 255 255 255 255 255 255 255 255 255 255 255 255 255 255 255 255 255 255 \r\n'
2022-05-30 16:10:04 b'\r\n'
2022-05-30 16:10:05 b'lorawan receive packet with rssi -26 , snr 12\r\n'
2022-05-30 16:10:05 b'received unconfirmed downlink: rssi = -26, snr = 12, datarate = 5\r\n'
2022-05-30 16:10:06 b'downlink recieved\r\n'
2022-05-30 16:10:06 b'Start running... This device ID is 2, priority is 0.\r\n'
2022-05-30 16:10:06 b'Nomally transmitting... This device ID is 2. \r\n'
2022-05-30 16:10:07 b'Father device id is: 0. Son device num is: 2. Device rank is: 1. Rounds is 4. Priority is 0. Son device 1 is 6. Son device 2 is 4. Network will start at: 16 12 0 30 5 22 \r\n'
2022-05-30 16:10:08 b'Now sleep:98s. \xfd'
2022-05-30 16:11:42 b'16 11 40 30 5 2022\r\n'
2022-05-30 16:11:42 b'OpenRadioDuration start!\r\n'
2022-05-30 16:11:42 b'Signal received!\r\n'
2022-05-30 16:11:42 b'4,16,11,41,30,5,22,1,1,0,69,0,3,3,12,1,3,4,5,6,254,13,0,0,255,255,255,255,255,254,13,255,255,255,255,255,255,255,255,255,255,255,255,255,255,255,255,255,255,255,255,255,255,255,255,255,255,255,255,255,255,255,255,255,255,255,255,255,255,255,255,255,255,255,255,255,255,255,255,255,255,255,255,255,255,255,255,255,255,255,255,255,255,255,255,255,255,255,255,255,255,255,255,255,255,255,255,255,255,255,255,255,255,255,255,\r\n'
2022-05-30 16:11:43 b'Signal received!\r\n'
2022-05-30 16:11:43 b'3,16,11,40,30,5,22,6,2,1,56,2,2,6,12,2,3,4,5,6,0,0,255,255,255,255,255,255,255,255,255,255,255,255,255,255,255,255,255,255,255,255,255,255,255,255,255,255,255,255,255,255,255,255,255,255,255,255,255,255,255,255,255,255,255,255,255,255,255,255,255,255,255,255,255,255,255,255,255,255,255,255,255,255,255,255,255,255,255,255,255,255,255,255,255,255,255,255,255,255,255,255,255,255,255,255,255,255,255,255,255,255,255,255,255,\r\n'
2022-05-30 16:11:44 b'Signal received!\r\n'
2022-05-30 16:11:45 b'3,16,11,42,30,5,22,5,2,2,60,1,1,5,12,1,3,4,5,6,0,0,255,255,255,255,255,255,255,255,255,255,255,255,255,255,255,255,255,255,255,255,255,255,255,255,255,255,255,255,255,255,255,255,255,255,255,255,255,255,255,255,255,255,255,255,255,255,255,255,255,255,255,255,255,255,255,255,255,255,255,255,255,255,255,255,255,255,255,255,255,255,255,255,255,255,255,255,255,255,255,255,255,255,255,255,255,255,255,255,255,255,255,255,255,\r\n'
2022-05-30 16:11:45 b'Signal received!\r\n'
2022-05-30 16:11:45 b'4,16,11,44,30,5,22,1,1,0,69,0,5,3,12,1,3,4,5,6,254,13,0,0,255,255,255,255,255,254,13,5,12,1,3,4,5,6,236,13,0,0,255,255,255,255,255,236,13,255,255,255,255,255,255,255,255,255,255,255,255,255,255,255,255,255,255,255,255,255,255,255,255,255,255,255,255,255,255,255,255,255,255,255,255,255,255,255,255,255,255,255,255,255,255,255,255,255,255,255,255,255,255,255,255,255,255,255,255,255,255,255,255,255,255,\r\n'
2022-05-30 16:11:45 b'Signal received!\r\n'
2022-05-30 16:11:46 b'3,16,11,42,30,5,22,4,2,2,71,2,2,4,12,2,3,4,5,6,0,0,255,255,255,255,255,255,255,255,255,255,255,255,255,255,255,255,255,255,255,255,255,255,255,255,255,255,255,255,255,255,255,255,255,255,255,255,255,255,255,255,255,255,255,255,255,255,255,255,255,255,255,255,255,255,255,255,255,255,255,255,255,255,255,255,255,255,255,255,255,255,255,255,255,255,255,255,255,255,255,255,255,255,255,255,255,255,255,255,255,255,255,255,255,\r\n'
2022-05-30 16:12:03 b'\r\n'
2022-05-30 16:12:03 b'LoRaWAN CN470 Class A start!\r\n'
2022-05-30 16:12:03 b'\r\n'
2022-05-30 16:12:04 b'lorawan sending\r\n'
2022-05-30 16:12:04 b'3 16 12 1 30 5 22 2 1 0 69 0 0 6 12 2 3 4 5 6 0 12 0 0 255 255 255 255 255 0 12 4 12 2 3 4 5 6 241 12 0 0 255 255 255 255 255 241 12 2 12 0 3 4 5 6 0 0 255 255 255 255 255 255 255 255 255 255 255 255 255 255 255 255 255 255 255 255 255 255 255 255 255 255 255 255 255 255 255 255 255 255 255 255 255 255 255 255 255 255 255 255 255 255 255 255 255 255 255 255 255 255 255 255 255 \r\n'
2022-05-30 16:12:13 b'\r\n'
2022-05-30 16:12:14 b'lorawan receive packet with rssi -25 , snr 14\r\n'
2022-05-30 16:12:14 b'received unconfirmed downlink: rssi = -25, snr = 14, datarate = 4\r\n'
2022-05-30 16:12:15 b'downlink recieved\r\n'
2022-05-30 16:12:15 b'Start running... This device ID is 2, priority is 0.\r\n'
2022-05-30 16:12:16 b'Nomally transmitting... This device ID is 2. \r\n'
2022-05-30 16:12:16 b'Father device id is: 0. Son device num is: 2. Device rank is: 1. Rounds is 5. Priority is 0. Son device 1 is 6. Son device 2 is 4. Network will start at: 16 14 0 30 5 22 \r\n'
2022-05-30 16:12:17 b'Now sleep:88s. \xfd'
2022-05-30 16:13:42 b'16 13 40 30 5 2022\r\n'
2022-05-30 16:13:42 b'OpenRadioDuration start!\r\n'
2022-05-30 16:13:42 b'Signal received!\r\n'
2022-05-30 16:13:43 b'4,16,13,41,30,5,22,1,1,0,69,0,3,3,13,1,3,4,5,6,254,12,0,0,255,255,255,255,255,254,12,255,255,255,255,255,255,255,255,255,255,255,255,255,255,255,255,255,255,255,255,255,255,255,255,255,255,255,255,255,255,255,255,255,255,255,255,255,255,255,255,255,255,255,255,255,255,255,255,255,255,255,255,255,255,255,255,255,255,255,255,255,255,255,255,255,255,255,255,255,255,255,255,255,255,255,255,255,255,255,255,255,255,255,255,\r\n'
2022-05-30 16:13:43 b'Signal received!\r\n'
2022-05-30 16:13:44 b'3,16,13,42,30,5,22,5,2,2,60,1,1,5,13,1,3,4,5,6,0,0,255,255,255,255,255,255,255,255,255,255,255,255,255,255,255,255,255,255,255,255,255,255,255,255,255,255,255,255,255,255,255,255,255,255,255,255,255,255,255,255,255,255,255,255,255,255,255,255,255,255,255,255,255,255,255,255,255,255,255,255,255,255,255,255,255,255,255,255,255,255,255,255,255,255,255,255,255,255,255,255,255,255,255,255,255,255,255,255,255,255,255,255,255,\r\n'
2022-05-30 16:13:44 b'Signal received!\r\n'
2022-05-30 16:13:44 b'4,16,13,43,30,5,22,1,1,0,69,0,5,3,13,1,3,4,5,6,254,12,0,0,255,255,255,255,255,254,12,5,13,1,3,4,5,6,241,12,0,0,255,255,255,255,255,241,12,255,255,255,255,255,255,255,255,255,255,255,255,255,255,255,255,255,255,255,255,255,255,255,255,255,255,255,255,255,255,255,255,255,255,255,255,255,255,255,255,255,255,255,255,255,255,255,255,255,255,255,255,255,255,255,255,255,255,255,255,255,255,255,255,255,255,\r\n'
2022-05-30 16:13:45 b'Signal received!\r\n'
2022-05-30 16:13:45 b'3,16,13,42,30,5,22,4,2,2,71,2,2,4,13,2,3,4,5,6,0,0,255,255,255,255,255,255,255,255,255,255,255,255,255,255,255,255,255,255,255,255,255,255,255,255,255,255,255,255,255,255,255,255,255,255,255,255,255,255,255,255,255,255,255,255,255,255,255,255,255,255,255,255,255,255,255,255,255,255,255,255,255,255,255,255,255,255,255,255,255,255,255,255,255,255,255,255,255,255,255,255,255,255,255,255,255,255,255,255,255,255,255,255,255,\r\n'
2022-05-30 16:14:02 b'\r\n'
2022-05-30 16:14:03 b'LoRaWAN CN470 Class A start!\r\n'
2022-05-30 16:14:03 b'\r\n'
2022-05-30 16:14:04 b'lorawan sending\r\n'
2022-05-30 16:14:04 b'3 16 14 1 30 5 22 2 1 0 69 0 0 4 13 2 3 4 5 6 239 12 0 0 255 255 255 255 255 239 12 2 13 0 3 4 5 6 0 0 255 255 255 255 255 255 255 255 255 255 255 255 255 255 255 255 255 255 255 255 255 255 255 255 255 255 255 255 255 255 255 255 255 255 255 255 255 255 255 255 255 255 255 255 255 255 255 255 255 255 255 255 255 255 255 255 255 255 255 255 255 255 255 255 255 255 255 255 255 255 255 255 255 255 255 \r\n'
2022-05-30 16:14:12 b'\r\n'
2022-05-30 16:14:12 b'lorawan receive packet with rssi -24 , snr 12\r\n'
2022-05-30 16:14:13 b'received unconfirmed downlink: rssi = -24, snr = 12, datarate = 4\r\n'
2022-05-30 16:14:13 b'downlink recieved\r\n'
2022-05-30 16:14:14 b'Start running... This device ID is 2, priority is 0.\r\n'
2022-05-30 16:14:14 b'Nomally transmitting... This device ID is 2. \r\n'
2022-05-30 16:14:15 b'Father device id is: 0. Son device num is: 2. Device rank is: 1. Rounds is 6. Priority is 0. Son device 1 is 6. Son device 2 is 4. Network will start at: 16 16 0 30 5 22 \r\n'
2022-05-30 16:14:15 b'Now sleep:89s. \xfd'
2022-05-30 16:15:41 b'16 15 40 30 5 2022\r\n'
2022-05-30 16:15:42 b'OpenRadioDuration start!\r\n'
2022-05-30 16:15:43 b'Signal received!\r\n'
2022-05-30 16:15:43 b'4,16,15,42,30,5,22,1,1,0,69,0,3,3,14,1,3,4,5,6,254,10,0,0,255,255,255,255,255,254,10,255,255,255,255,255,255,255,255,255,255,255,255,255,255,255,255,255,255,255,255,255,255,255,255,255,255,255,255,255,255,255,255,255,255,255,255,255,255,255,255,255,255,255,255,255,255,255,255,255,255,255,255,255,255,255,255,255,255,255,255,255,255,255,255,255,255,255,255,255,255,255,255,255,255,255,255,255,255,255,255,255,255,255,255,\r\n'
2022-05-30 16:15:44 b'Signal received!\r\n'
2022-05-30 16:15:44 b'3,16,15,42,30,5,22,5,2,2,60,1,1,5,14,1,3,4,5,6,0,0,255,255,255,255,255,255,255,255,255,255,255,255,255,255,255,255,255,255,255,255,255,255,255,255,255,255,255,255,255,255,255,255,255,255,255,255,255,255,255,255,255,255,255,255,255,255,255,255,255,255,255,255,255,255,255,255,255,255,255,255,255,255,255,255,255,255,255,255,255,255,255,255,255,255,255,255,255,255,255,255,255,255,255,255,255,255,255,255,255,255,255,255,255,\r\n'
2022-05-30 16:15:44 b'Signal received!\r\n'
2022-05-30 16:15:44 b'4,16,15,43,30,5,22,1,1,0,69,0,5,3,14,1,3,4,5,6,254,10,0,0,255,255,255,255,255,254,10,5,14,1,3,4,5,6,240,13,0,0,255,255,255,255,255,240,13,255,255,255,255,255,255,255,255,255,255,255,255,255,255,255,255,255,255,255,255,255,255,255,255,255,255,255,255,255,255,255,255,255,255,255,255,255,255,255,255,255,255,255,255,255,255,255,255,255,255,255,255,255,255,255,255,255,255,255,255,255,255,255,255,255,255,\r\n'
2022-05-30 16:16:02 b'\r\n'
2022-05-30 16:16:02 b'LoRaWAN CN470 Class A start!\r\n'
2022-05-30 16:16:03 b'\r\n'
2022-05-30 16:16:03 b'lorawan sending\r\n'
2022-05-30 16:16:04 b'3 16 16 1 30 5 22 2 1 0 69 0 0 2 14 0 3 4 5 6 0 0 255 255 255 255 255 255 255 255 255 255 255 255 255 255 255 255 255 255 255 255 255 255 255 255 255 255 255 255 255 255 255 255 255 255 255 255 255 255 255 255 255 255 255 255 255 255 255 255 255 255 255 255 255 255 255 255 255 255 255 255 255 255 255 255 255 255 255 255 255 255 255 255 255 255 255 255 255 255 255 255 255 255 255 255 255 255 255 255 255 255 255 255 255 \r\n'
2022-05-30 16:16:12 b'\r\n'
2022-05-30 16:16:13 b'lorawan receive packet with rssi -21 , snr 11\r\n'
2022-05-30 16:16:13 b'received unconfirmed downlink: rssi = -21, snr = 11, datarate = 4\r\n'
2022-05-30 16:16:14 b'downlink recieved\r\n'
2022-05-30 16:16:14 b'Start running... This device ID is 2, priority is 0.\r\n'
2022-05-30 16:16:15 b'Nomally transmitting... This device ID is 2. \r\n'
2022-05-30 16:16:15 b'Father device id is: 0. Son device num is: 2. Device rank is: 1. Rounds is 7. Priority is 0. Son device 1 is 6. Son device 2 is 4. Network will start at: 16 18 0 30 5 22 \r\n'
2022-05-30 16:16:16 b'Now sleep:89s. \xfd'
2022-05-30 16:17:42 b'16 17 40 30 5 2022\r\n'
2022-05-30 16:17:42 b'OpenRadioDuration start!\r\n'
2022-05-30 16:17:42 b'Signal received!\r\n'
2022-05-30 16:17:43 b'3,16,17,41,30,5,22,6,2,1,56,2,2,6,13,2,3,4,5,6,0,0,6,14,2,3,4,5,6,0,0,6,15,2,3,4,5,6,0,0,255,255,255,255,255,255,255,255,255,255,255,255,255,255,255,255,255,255,255,255,255,255,255,255,255,255,255,255,255,255,255,255,255,255,255,255,255,255,255,255,255,255,255,255,255,255,255,255,255,255,255,255,255,255,255,255,255,255,255,255,255,255,255,255,255,255,255,255,255,255,255,255,255,255,255,\r\n'
2022-05-30 16:17:44 b'Signal received!\r\n'
2022-05-30 16:17:44 b'3,16,17,42,30,5,22,5,2,2,60,1,1,5,15,1,3,4,5,6,0,0,255,255,255,255,255,255,255,255,255,255,255,255,255,255,255,255,255,255,255,255,255,255,255,255,255,255,255,255,255,255,255,255,255,255,255,255,255,255,255,255,255,255,255,255,255,255,255,255,255,255,255,255,255,255,255,255,255,255,255,255,255,255,255,255,255,255,255,255,255,255,255,255,255,255,255,255,255,255,255,255,255,255,255,255,255,255,255,255,255,255,255,255,255,\r\n'
2022-05-30 16:17:44 b'Signal received!\r\n'
2022-05-30 16:17:45 b'4,16,17,43,30,5,22,1,1,0,69,0,5,3,15,1,3,4,5,6,254,13,0,0,255,255,255,255,255,254,13,5,15,1,3,4,5,6,243,13,0,0,255,255,255,255,255,243,13,255,255,255,255,255,255,255,255,255,255,255,255,255,255,255,255,255,255,255,255,255,255,255,255,255,255,255,255,255,255,255,255,255,255,255,255,255,255,255,255,255,255,255,255,255,255,255,255,255,255,255,255,255,255,255,255,255,255,255,255,255,255,255,255,255,255,\r\n'
2022-05-30 16:18:02 b'\r\n'
2022-05-30 16:18:03 b'LoRaWAN CN470 Class A start!\r\n'
2022-05-30 16:18:03 b'\r\n'
2022-05-30 16:18:04 b'lorawan sending\r\n'
2022-05-30 16:18:04 b'3 16 18 1 30 5 22 2 1 0 69 0 0 6 13 2 3 4 5 6 0 13 0 0 6 14 2 3 4 0 13 5 6 0 0 6 15 2 0 13 3 4 5 6 0 0 255 0 13 2 15 0 3 4 5 6 0 0 255 255 255 255 255 255 255 255 255 255 255 255 255 255 255 255 255 255 255 255 255 255 255 255 255 255 255 255 255 255 255 255 255 255 255 255 255 255 255 255 255 255 255 255 255 255 255 255 255 255 255 255 255 255 255 255 255 \r\n'
2022-05-30 16:18:05 b'\r\n'
2022-05-30 16:18:05 b'lorawan receive packet with rssi -22 , snr 12\r\n'
2022-05-30 16:18:05 b'received unconfirmed downlink: rssi = -22, snr = 12, datarate = 5\r\n'
2022-05-30 16:18:06 b'downlink recieved\r\n'
2022-05-30 16:18:06 b'Network will start at: 16 20 0 30 5 22 \r\n'
2022-05-30 16:18:07 b'Wait for next cycle... Time left: 117\r\n'
2022-05-30 16:18:07 b'Now sleep:117s. \xfd'
2022-05-30 16:20:01 b'Start running... This device ID is 2, priority is 0.\r\n'
2022-05-30 16:20:01 b'16 20 0 30 5 2022\r\n'
2022-05-30 16:20:02 b'\r\n'
2022-05-30 16:20:02 b'LoRaWAN CN470 Class A start!\r\n'
2022-05-30 16:20:02 b'\r\n'
2022-05-30 16:20:11 b'\r\n'
2022-05-30 16:20:11 b'lorawan receive packet with rssi -20 , snr 12\r\n'
2022-05-30 16:20:11 b'received unconfirmed downlink: rssi = -20, snr = 12, datarate = 5\r\n'
2022-05-30 16:20:12 b'downlink recieved\r\n'
2022-05-30 16:20:13 b'\r\n'
2022-05-30 16:20:14 b'lorawan receive packet with rssi -20 , snr 12\r\n'
2022-05-30 16:20:14 b'received unconfirmed downlink: rssi = -20, snr = 12, datarate = 5\r\n'
2022-05-30 16:20:15 b'downlink recieved\r\n'
2022-05-30 16:20:15 b'LoRaWAN Init Success!\r\n'
2022-05-30 16:20:16 b'Network will start at: 16 22 0 30 5 22 \r\n'
2022-05-30 16:20:16 b'Now sleep:107s. \xfd'
2022-05-30 16:22:01 b'16 22 0 30 5 2022\r\n'
2022-05-30 16:22:02 b'Networking... This device ID is 2\r\n'
2022-05-30 16:22:02 b'Lorawan mode, sending networking signal.\r\n'
2022-05-30 16:22:02 b'LoraRandomSend start!\r\n'
